tethysapp/magdalena_cauca_data_viewer/public/raster/bs.asc
ncols         279
nrows         512
xllcorner     -77.443335897482
yllcorner     1.3064112990023
cellsize      0.020005794964035
NODATA_value  -9999
[rows 330 to 359 of 512, columns 67 to 133 of 279]
1730.349 1735.15 1741.588 1750.235 1761.821 1777.192 1797.15 1821.997 1850.505 1877.901 1894.091 1891.316 1871.202 1839.734 1805.718 1774.858 1748.009 1722.893 1696.207 1664.898 1625.885 1577.354 1524.982 1491.682 1499.873 1517.073 1525.776 1524.704 1516.171 1502.83 1486.033 1465.239 1437.83 1399.033 1342.904 1267.947 1190.561 1150.393 1174.345 1243.813 1325.82 1402.182 1467.729 1522.698 1568.771 1607.677 1640.814 1669.166 1693.198 1712.814 1728.405 1744.95 1772.56 1812.692 1857.071 1899.895 1938.895 1972.654 1999.58 2017.73 2024.905 2019.93 2004.589 1982.961 1958.965 1935.033 1912.125
1734.661 1740.321 1747.802 1757.712 1770.836 1788.123 1810.584 1838.93 1872.574 1907.336 1930.116 1928.392 1904.677 1864.813 1823.729 1789.814 1763.303 1739.524 1711.866 1674.402 1624.328 1564.745 1508.118 1476.139 1479.405 1496.014 1508.808 1511.998 1506.648 1495.471 1479.887 1459.117 1430.1 1387.634 1325.645 1243.018 1157.582 1113.359 1141.594 1220.273 1310.923 1393.486 1463.058 1520.58 1568.324 1608.42 1642.511 1671.698 1696.514 1717.039 1734.021 1752.204 1780.518 1820.989 1866.699 1912.083 1954.881 1993.874 2027.726 2053.668 2065.447 2057.7 2034.501 2004.925 1975.277 1948.044 1923.361
1737.841 1743.97 1751.967 1762.428 1776.117 1793.962 1816.975 1845.905 1880.229 1915.746 1941.266 1947.161 1922.088 1877.569 1834.011 1801.832 1780.91 1764.212 1740.768 1700.145 1638.691 1564.097 1495.937 1457.175 1458.928 1479.233 1494.6 1498.897 1494.516 1485.059 1471.889 1453.675 1427.079 1387.497 1330.642 1257.625 1185.104 1148.421 1172.363 1241.508 1324.515 1402.481 1469.5 1525.618 1572.616 1612.399 1646.532 1676.144 1701.97 1724.583 1745.288 1767.776 1797.553 1836.553 1881.557 1928.879 1976.262 2021.887 2064.056 2100.498 2119.446 2105.412 2068.725 2027.753 1991.261 1960.941 1935.277
1739.893 1746.119 1754.131 1764.461 1777.769 1794.828 1816.419 1842.989 1873.783 1905.25 1929.89 1935.816 1912.958 1872.681 1834.702 1810.564 1801.393 1799.155 1787.117 1746.91 1673.713 1582 1498.81 1451.983 1453.373 1472.594 1483.737 1483.487 1477.075 1469.354 1460.8 1448.521 1428.64 1397.635 1353.694 1300.061 1250.105 1226.303 1243.687 1294.94 1360.821 1426.648 1485.944 1537.296 1581.378 1619.434 1652.688 1682.171 1708.744 1733.315 1757.35 1783.432 1814.702 1852.809 1897.114 1946.045 1997.731 2048.961 2095.253 2137.302 2164.649 2142.175 2092.958 2043.294 2002.632 1971.825 1947.48
1740.908 1746.907 1754.509 1764.141 1776.307 1791.542 1810.283 1832.556 1857.336 1881.555 1899.157 1901.521 1884.027 1854.662 1828.325 1816.325 1822.465 1840.235 1845.955 1808.224 1724.82 1622.816 1535.5 1486.39 1475.362 1477.82 1473.645 1461.136 1449.363 1444.914 1444.994 1442.765 1433.176 1413.907 1385.255 1351.366 1321.802 1309.484 1322.707 1358.766 1407.599 1459.587 1509.083 1553.866 1593.64 1628.928 1660.517 1689.232 1715.913 1741.53 1767.409 1795.37 1827.417 1865.021 1908.77 1958.567 2013.281 2068.726 2114.719 2142.819 2162.777 2141.021 2093.741 2045.116 2006.447 1979.802 1960.386
1741.044 1746.567 1753.442 1761.983 1772.522 1785.351 1800.588 1817.915 1836.145 1852.677 1863.255 1863.198 1851.265 1833.022 1818.563 1817.41 1835.106 1868.142 1888.074 1851.433 1765.665 1666.944 1584.644 1532.312 1505.069 1485.533 1459.012 1426.878 1406.983 1410.141 1424.982 1436.89 1439.649 1432.659 1417.991 1399.963 1385.239 1381.271 1392.734 1418.907 1454.9 1495.044 1535.199 1573.153 1608.108 1640.07 1669.439 1696.802 1722.867 1748.499 1774.796 1803.099 1834.86 1871.385 1913.678 1962.316 2016.785 2073.26 2120.212 2138.068 2132.154 2111.332 2074.076 2034.153 2003.396 1985.789 1975.048
1740.508 1745.388 1751.343 1758.58 1767.285 1777.562 1789.312 1802.052 1814.672 1825.235 1831.175 1830.351 1822.98 1812.904 1806.591 1810.645 1829.159 1859.058 1875.809 1843.885 1772.982 1691.703 1620.911 1568.29 1529.258 1491.438 1443.215 1388.902 1359.886 1374.933 1408.02 1434.655 1448.89 1452.42 1448.752 1442.125 1437.358 1439.04 1450.016 1470.34 1497.721 1529.001 1561.442 1593.256 1623.547 1652.052 1678.904 1704.476 1729.309 1754.101 1779.714 1807.159 1837.527 1871.881 1911.125 1955.755 2005.082 2055.199 2095.542 2110.473 2099.699 2076.397 2046.265 2016.672 1996.632 1990.449 1989.665
1739.531 1743.68 1748.631 1754.509 1761.395 1769.275 1777.952 1786.939 1795.351 1801.91 1805.217 1804.429 1800.162 1794.914 1792.452 1796.227 1807.1 1820.982 1826.072 1804.243 1755.672 1696.178 1639.517 1590.944 1547.552 1500.931 1442.79 1379.341 1346.577 1366.787 1408.072 1442.027 1462.946 1473.373 1477.14 1478.029 1479.622 1484.952 1495.9 1512.796 1534.61 1559.631 1586.151 1612.873 1639.011 1664.219 1688.477 1711.997 1735.16 1758.491 1782.639 1808.347 1836.403 1867.55 1902.337 1940.791 1981.676 2021.084 2051.19 2063.275 2056.665 2038.769 2016.74 1997.169 1986.952 1989.127 1993.896
1738.351 1741.747 1745.7 1750.272 1755.486 1761.273 1767.425 1773.533 1778.967 1782.942 1784.738 1784.081 1781.535 1778.583 1777.154 1778.492 1781.591 1783.378 1781.316 1765.72 1732.866 1690.51 1646.678 1604.877 1563.765 1518.787 1466.433 1414.041 1386.789 1399.408 1431.678 1461.705 1482.816 1495.905 1503.685 1508.985 1514.365 1521.885 1532.847 1547.636 1565.825 1586.496 1608.613 1631.29 1653.909 1676.137 1697.882 1719.245 1740.478 1761.953 1784.133 1807.535 1832.681 1860 1889.667 1921.3 1953.433 1982.878 2004.744 2014.64 2012.205 2001.39 1987.567 1976.11 1971.749 1975.362 1978.387
1737.197 1739.875 1742.89 1746.274 1750.019 1754.051 1758.192 1762.137 1765.466 1767.712 1768.509 1767.789 1765.941 1763.772 1762.172 1761.451 1760.661 1758.141 1752.149 1737.859 1713.481 1682.445 1648.789 1614.618 1579.671 1542.381 1502.689 1466.672 1447.145 1450.889 1469.248 1489.976 1507.071 1519.618 1528.761 1536.19 1543.559 1552.225 1563.077 1576.457 1592.207 1609.834 1628.708 1648.235 1667.954 1687.578 1706.989 1726.217 1745.415 1764.831 1784.775 1805.587 1827.571 1850.913 1875.537 1900.883 1925.631 1947.529 1963.74 1972.076 1972.444 1967.061 1959.379 1952.986 1950.465 1951.273 1949.621
1736.289 1738.32 1740.496 1742.83 1745.313 1747.889 1750.431 1752.73 1754.516 1755.509 1755.51 1754.508 1752.724 1750.563 1748.409 1746.3 1743.651 1739.271 1731.373 1717.976 1698.765 1675.269 1649.423 1622.481 1594.76 1566.262 1538.135 1514.257 1500.426 1499.478 1508.149 1520.62 1532.859 1543.39 1552.312 1560.395 1568.573 1577.674 1588.273 1600.621 1614.666 1630.129 1646.614 1663.714 1681.087 1698.49 1715.801 1733.004 1750.181 1767.485 1785.116 1803.276 1822.124 1841.693 1861.788 1881.86 1900.886 1917.388 1929.753 1936.867 1938.751 1936.665 1932.631 1928.689 1925.978 1923.633 1918.334
1735.837 1737.322 1738.772 1740.196 1741.593 1742.944 1744.181 1745.177 1745.762 1745.761 1745.053 1743.618 1741.556 1739.048 1736.234 1733.055 1729.095 1723.512 1715.193 1703.317 1687.918 1669.782 1649.932 1629.187 1608.06 1587.08 1567.408 1551.259 1541.254 1538.633 1542.184 1549.288 1557.636 1565.984 1574.016 1581.957 1590.254 1599.361 1609.613 1621.165 1633.988 1647.901 1662.632 1677.885 1693.39 1708.942 1724.414 1739.763 1755.019 1770.273 1785.643 1801.248 1817.157 1833.333 1849.56 1865.383 1880.069 1892.682 1902.288 1908.292 1910.723 1910.265 1908.008 1904.98 1901.59 1897.153 1889.928
1736.042 1737.108 1737.958 1738.59 1739.029 1739.303 1739.416 1739.316 1738.902 1738.059 1736.691 1734.758 1732.278 1729.303 1725.857 1721.861 1717.042 1710.905 1702.857 1692.524 1679.996 1665.77 1650.494 1634.752 1619.023 1603.85 1590.077 1578.924 1571.639 1568.824 1570.045 1574.144 1579.902 1586.486 1593.529 1601.011 1609.097 1618.002 1627.893 1638.84 1650.797 1663.619 1677.091 1690.973 1705.034 1719.084 1732.993 1746.696 1760.189 1773.522 1786.769 1800.001 1813.249 1826.457 1839.445 1851.868 1863.226 1872.925 1880.407 1885.323 1887.667 1887.776 1886.186 1883.363 1879.416 1873.908 1865.98
1737.096 1737.901 1738.28 1738.214 1737.755 1737.013 1736.084 1734.993 1733.693 1732.099 1730.124 1727.702 1724.793 1721.378 1717.431 1712.901 1707.662 1701.429 1693.822 1684.646 1674.092 1662.63 1650.779 1638.958 1627.491 1616.731 1607.178 1599.488 1594.29 1591.921 1592.265 1594.839 1599.046 1604.396 1610.609 1617.592 1625.375 1634.036 1643.633 1654.167 1665.562 1677.674 1690.305 1703.232 1716.234 1729.12 1741.749 1754.036 1765.959 1777.542 1788.841 1799.912 1810.783 1821.419 1831.688 1841.356 1850.087 1857.5 1863.241 1867.083 1868.98 1869.067 1867.576 1864.692 1860.417 1854.504 1846.547
1739.166 1739.905 1739.953 1739.242 1737.868 1736.076 1734.098 1732.046 1729.915 1727.637 1725.12 1722.274 1719.02 1715.291 1711.043 1706.285 1701.021 1694.965 1687.599 1678.878 1669.317 1659.591 1650.234 1641.51 1633.485 1626.217 1619.887 1614.802 1611.295 1609.596 1609.752 1611.619 1614.952 1619.509 1625.118 1631.698 1639.23 1647.721 1657.162 1667.501 1678.63 1690.385 1702.557 1714.916 1727.228 1739.285 1750.924 1762.042 1772.6 1782.617 1792.148 1801.263 1810.011 1818.395 1826.348 1833.721 1840.301 1845.835 1850.087 1852.888 1854.165 1853.942 1852.292 1849.269 1844.842 1838.881 1831.21
1742.352 1743.262 1743.119 1741.766 1739.374 1736.416 1733.318 1730.286 1727.349 1724.444 1721.469 1718.31 1714.859 1711.014 1706.719 1702.059 1697.194 1691.489 1683.788 1674.459 1664.734 1655.738 1648.159 1642.066 1637.096 1632.87 1629.237 1626.265 1624.146 1623.109 1623.326 1624.868 1627.705 1631.762 1636.972 1643.294 1650.706 1659.183 1668.671 1679.075 1690.249 1702 1714.093 1726.269 1738.265 1749.837 1760.789 1770.991 1780.394 1789.02 1796.947 1804.273 1811.094 1817.464 1823.382 1828.778 1833.522 1837.447 1840.385 1842.197 1842.794 1842.139 1840.227 1837.051 1832.573 1826.729 1819.454
1746.593 1747.936 1747.723 1745.671 1742.1 1737.827 1733.513 1729.468 1725.748 1722.283 1718.955 1715.632 1712.179 1708.464 1704.388 1700.042 1695.738 1690.277 1681.484 1670.417 1659.263 1649.957 1643.7 1640.276 1638.508 1637.328 1636.199 1635.018 1633.966 1633.383 1633.621 1634.923 1637.404 1641.112 1646.068 1652.288 1659.762 1668.447 1678.249 1689.027 1700.593 1712.715 1725.124 1737.521 1749.596 1761.049 1771.631 1781.179 1789.629 1797.021 1803.467 1809.121 1814.139 1818.643 1822.704 1826.321 1829.432 1831.928 1833.679 1834.563 1834.48 1833.361 1831.157 1827.832 1823.347 1817.671 1810.794
1751.514 1753.545 1753.338 1750.503 1745.627 1739.923 1734.333 1729.275 1724.824 1720.893 1717.346 1714.037 1710.815 1707.515 1703.932 1699.897 1695.411 1689.291 1679.201 1665.828 1651.904 1640.992 1635.948 1636.001 1638.191 1640.441 1641.832 1642.134 1641.664 1641.097 1641.076 1641.997 1644.073 1647.443 1652.224 1658.494 1666.262 1675.451 1685.909 1697.43 1709.777 1722.677 1735.827 1748.88 1761.464 1773.2 1783.758 1792.917 1800.6 1806.875 1811.915 1815.948 1819.21 1821.908 1824.193 1826.137 1827.735 1828.918 1829.58 1829.602 1828.874 1827.302 1824.813 1821.349 1816.87 1811.356 1804.824
1756.235 1759.122 1759.018 1755.395 1749.189 1742.075 1735.282 1729.32 1724.259 1719.998 1716.392 1713.297 1710.568 1708.031 1705.391 1702.061 1697.123 1689.487 1677.651 1661.393 1642.995 1627.968 1624.592 1630.13 1637.251 1643.355 1647.33 1648.659 1647.967 1646.701 1645.947 1646.173 1647.614 1650.511 1655.117 1661.602 1669.971 1680.062 1691.611 1704.317 1717.879 1731.993 1746.331 1760.512 1774.084 1786.557 1797.471 1806.511 1813.583 1818.81 1822.458 1824.852 1826.325 1827.189 1827.694 1827.993 1828.138 1828.086 1827.74 1826.975 1825.66 1823.679 1820.934 1817.348 1812.873 1807.49 1801.226
1759.372 1762.929 1762.986 1758.781 1751.57 1743.432 1735.788 1729.194 1723.733 1719.319 1715.83 1713.154 1711.181 1709.78 1708.724 1707.277 1703.12 1693.94 1679.591 1660.286 1637.382 1612.211 1613.283 1626.605 1637.627 1647.068 1653.42 1655.093 1653.104 1650.344 1648.346 1647.432 1647.811 1649.918 1654.27 1661.178 1670.586 1682.13 1695.326 1709.724 1724.958 1740.72 1756.697 1772.499 1787.596 1801.333 1813.035 1822.222 1828.782 1832.957 1835.167 1835.847 1835.431 1834.353 1832.997 1831.621 1830.333 1829.108 1827.839 1826.376 1824.56 1822.242 1819.296 1815.621 1811.151 1805.86 1799.775
1759.743 1763.209 1763.221 1758.94 1751.604 1743.276 1735.393 1728.572 1722.975 1718.595 1715.387 1713.304 1712.298 1712.283 1713.078 1713.93 1711.535 1701.845 1685.816 1665.373 1644.366 1636.242 1628.116 1631.092 1640.914 1651.193 1658.521 1659.809 1656.236 1651.888 1648.38 1645.789 1644.431 1645.191 1649.121 1656.771 1667.872 1681.615 1697.128 1713.754 1731.081 1748.859 1766.863 1784.762 1801.972 1817.602 1830.605 1840.183 1846.215 1849.234 1849.928 1848.812 1846.362 1843.164 1839.802 1836.684 1833.976 1831.652 1829.569 1827.532 1825.338 1822.794 1819.735 1816.026 1811.577 1806.343 1800.346
1757.556 1760.093 1759.742 1755.841 1749.237 1741.526 1733.981 1727.301 1721.796 1717.597 1714.778 1713.395 1713.47 1714.917 1717.331 1719.431 1718.212 1710.036 1694.815 1675.424 1656.783 1646.591 1640.366 1640.13 1646.564 1654.408 1659.937 1660.37 1656.537 1651.498 1646.463 1641.566 1637.527 1636.117 1639.404 1648.301 1662.004 1678.848 1697.362 1716.66 1736.351 1756.326 1776.567 1796.925 1816.841 1835.126 1850.085 1860.261 1865.518 1867.122 1866.3 1863.416 1858.785 1853.225 1847.674 1842.751 1838.672 1835.372 1832.637 1830.205 1827.808 1825.199 1822.16 1818.512 1814.122 1808.923 1802.922
1754.479 1755.777 1754.872 1751.348 1745.641 1738.78 1731.79 1725.407 1720.089 1716.122 1713.711 1713.023 1714.167 1717.068 1721.174 1724.967 1725.528 1718.931 1705.06 1687.337 1669.966 1657.272 1650.858 1650.075 1653.111 1657.198 1659.775 1659.184 1655.627 1650.273 1643.608 1635.823 1628.147 1623.667 1626.14 1636.958 1654.217 1674.906 1696.824 1718.921 1740.915 1762.926 1785.258 1808.138 1831.22 1853.021 1870.836 1881.827 1885.628 1885.35 1883.383 1879.064 1872.099 1863.872 1855.969 1849.268 1843.974 1839.918 1836.779 1834.202 1831.846 1829.399 1826.575 1823.132 1818.882 1813.713 1807.613
1752.421 1752.627 1751.056 1747.509 1742.221 1735.848 1729.201 1722.998 1717.792 1713.986 1711.895 1711.769 1713.782 1717.901 1723.6 1729.471 1732.467 1727.267 1714.364 1698.288 1682.503 1670.068 1662.566 1659.584 1659.545 1660.532 1660.819 1659.274 1655.556 1649.662 1641.404 1630.789 1619.351 1611.573 1613.317 1626.423 1647.428 1671.819 1696.776 1721.201 1744.956 1768.366 1792.102 1817.012 1843.258 1869.196 1890.919 1903.214 1904.406 1901.604 1899.858 1894.779 1885.168 1873.994 1863.788 1855.575 1849.418 1844.971 1841.78 1839.397 1837.407 1835.427 1833.094 1830.076 1826.097 1820.979 1814.68
1752.673 1752.06 1749.675 1745.528 1739.894 1733.323 1726.513 1720.153 1714.829 1711.01 1709.064 1709.263 1711.767 1716.505 1722.91 1729.509 1733.359 1730.161 1719.903 1706.221 1692.037 1680.094 1671.894 1667.303 1665.226 1664.275 1663.173 1660.954 1656.974 1650.697 1641.573 1629.479 1616.089 1606.616 1608.088 1622.557 1645.644 1672.023 1698.568 1724.15 1748.656 1772.423 1796.365 1822.113 1850.573 1879.96 1905.472 1919.694 1917.951 1912.773 1913.827 1908.217 1895.661 1881.875 1870.042 1861.023 1854.621 1850.308 1847.521 1845.749 1844.532 1843.423 1841.966 1839.698 1836.204 1831.192 1824.574
1755.814 1754.631 1751.216 1745.832 1739.016 1731.444 1723.826 1716.836 1711.061 1706.984 1704.975 1705.256 1707.846 1712.484 1718.473 1724.427 1728.108 1727.133 1720.925 1710.332 1697.664 1686.307 1678.022 1672.797 1669.787 1667.926 1666.197 1663.74 1659.834 1653.818 1645.132 1633.801 1621.619 1613.403 1615.275 1629.133 1651.299 1676.918 1702.934 1728.111 1752.178 1775.3 1798.376 1823.514 1852.01 1881.697 1907.415 1921.726 1919.882 1916.101 1919.69 1913.709 1900.052 1885.706 1873.872 1865.222 1859.42 1855.87 1853.999 1853.31 1853.348 1853.628 1853.582 1852.552 1849.885 1845.085 1837.983
1761.817 1760.28 1755.577 1748.313 1739.491 1730.111 1721.006 1712.854 1706.231 1701.616 1699.364 1699.601 1702.084 1706.148 1710.904 1715.427 1718.71 1719.793 1717.437 1709.802 1698.786 1688.571 1681.024 1676.1 1673.084 1671.123 1669.399 1667.188 1663.849 1658.828 1651.778 1642.996 1634.213 1629.11 1631.881 1643.977 1663.143 1685.871 1709.579 1732.985 1755.634 1777.54 1799.425 1822.95 1848.875 1874.994 1896.802 1909.049 1910.556 1910.527 1912.642 1907.96 1897.028 1885.142 1875.31 1868.326 1863.984 1861.806 1861.336 1862.197 1864.023 1866.345 1868.462 1869.417 1868.129 1863.722 1855.879
1769.934 1768.25 1762.037 1752.325 1740.785 1728.893 1717.671 1707.824 1699.913 1694.439 1691.791 1692.058 1694.662 1698.183 1701.223 1703.641 1705.967 1708.13 1708.192 1703.259 1694.958 1687.073 1681.234 1677.437 1675.141 1673.696 1672.482 1670.937 1668.581 1665.051 1660.243 1654.622 1649.627 1647.737 1651.494 1661.873 1677.726 1696.892 1717.485 1738.359 1758.985 1779.278 1799.655 1820.884 1842.989 1864.256 1881.694 1892.582 1897.159 1899.225 1900.022 1896.863 1889.912 1882.038 1875.48 1871.072 1868.815 1868.446 1869.73 1872.523 1876.675 1881.828 1887.166 1891.259 1892.261 1888.549 1879.526
1778.4 1776.745 1768.953 1756.511 1741.857 1727.013 1713.213 1701.183 1691.489 1684.715 1681.419 1681.831 1685.134 1688.677 1689.821 1689.599 1690.431 1692.516 1693.682 1691.603 1687.116 1682.575 1679.207 1677.15 1676.094 1675.611 1675.272 1674.692 1673.561 1671.699 1669.167 1666.454 1664.632 1665.264 1669.829 1678.949 1692.094 1708.047 1725.564 1743.75 1762.095 1780.42 1798.818 1817.43 1835.926 1853.14 1867.382 1877.382 1883.319 1886.531 1887.626 1886.241 1882.857 1878.994 1876.008 1874.519 1874.612 1876.217 1879.37 1884.279 1891.191 1900.057 1910.034 1919.025 1923.804 1921.27 1910.288
1784.398 1782.811 1773.668 1758.778 1741.211 1723.451 1706.899 1692.288 1680.214 1671.441 1666.854 1666.978 1670.891 1674.644 1674.223 1672.11 1672.223 1674.542 1676.951 1677.781 1677.166 1676.192 1675.616 1675.639 1676.148 1676.913 1677.684 1678.235 1678.408 1678.157 1677.628 1677.25 1677.778 1680.179 1685.318 1693.59 1704.766 1718.187 1733.078 1748.792 1764.888 1781.121 1797.371 1813.49 1829.077 1843.374 1855.461 1864.716 1871.169 1875.326 1877.625 1878.374 1878.175 1877.919 1878.335 1879.733 1882.13 1885.567 1890.369 1897.221 1907.012 1920.339 1936.618 1952.946 1963.768 1963.121 1948.858
