tethysapp/magdalena_cauca_data_viewer/public/raster/bs.asc
ncols         279
nrows         512
xllcorner     -77.443335897482
yllcorner     1.3064112990023
cellsize      0.020005794964035
NODATA_value  -9999
[rows 240 to 269 of 512, columns 67 to 133 of 279]
-9999 -9999 -9999 -9999 -9999 -9999 1496.936 1453.16 1417.395 1402.768 1419.155 1463.793 1522.478 1580.518 1629.826 1668.394 1697.28 1718.451 1733.815 1744.924 1752.954 1758.773 1763.008 1766.117 1768.428 1770.182 1771.554 1772.671 1773.629 1774.499 1775.334 1776.175 1777.05 1777.982 1778.987 1780.078 1781.26 1782.539 1783.917 1785.394 1786.968 1788.636 1790.391 1792.23 1794.148 1796.147 1798.241 1800.456 1802.833 1805.425 1808.289 1811.475 1815.021 1818.947 1823.252 1827.915 1832.902 1838.158 1843.618 1849.195 1854.772 1860.171 1865.125 1869.254 1872.153 1873.588 1873.706
-9999 -9999 -9999 -9999 -9999 -9999 1518.708 1478.791 1446.473 1434.365 1452.144 1496.978 1554.504 1610.13 1656.239 1691.368 1716.964 1735.199 1748.053 1757.076 1763.408 1767.865 1771.022 1773.286 1774.943 1776.194 1777.182 1778.01 1778.75 1779.458 1780.173 1780.922 1781.729 1782.61 1783.575 1784.633 1785.789 1787.046 1788.403 1789.861 1791.413 1793.054 1794.773 1796.559 1798.401 1800.296 1802.253 1804.304 1806.501 1808.911 1811.608 1814.657 1818.103 1821.965 1826.235 1830.881 1835.842 1841.037 1846.362 1851.687 1856.858 1861.692 1865.97 1869.455 1871.942 1873.362 1873.866
-9999 -9999 -9999 -9999 -9999 1586.332 1555.401 1524.954 1502.041 1496.578 1515.713 1556.493 1606.765 1654.305 1692.844 1721.417 1741.552 1755.337 1764.619 1770.804 1774.904 1777.617 1779.422 1780.645 1781.504 1782.147 1782.674 1783.154 1783.633 1784.143 1784.709 1785.346 1786.066 1786.879 1787.79 1788.803 1789.92 1791.141 1792.464 1793.886 1795.399 1796.994 1798.656 1800.368 1802.112 1803.879 1805.678 1807.543 1809.543 1811.77 1814.319 1817.272 1820.681 1824.562 1828.9 1833.647 1838.722 1844.016 1849.387 1854.666 1859.663 1864.182 1868.043 1871.104 1873.295 1874.655 1875.341
-9999 -9999 -9999 -9999 -9999 1621.583 1601.027 1582.778 1572.037 1575.169 1595.852 1630.832 1671.006 1707.558 1736.093 1756.232 1769.503 1777.807 1782.763 1785.568 1787.046 1787.74 1787.999 1788.042 1788.006 1787.971 1787.987 1788.082 1788.27 1788.56 1788.959 1789.468 1790.09 1790.825 1791.672 1792.631 1793.698 1794.871 1796.146 1797.515 1798.971 1800.499 1802.083 1803.697 1805.319 1806.931 1808.539 1810.187 1811.968 1814.005 1816.425 1819.329 1822.771 1826.767 1831.289 1836.277 1841.638 1847.238 1852.902 1858.421 1863.561 1868.093 1871.837 1874.69 1876.658 1877.848 1878.449
-9999 -9999 -9999 -9999 1670.464 1658.874 1648.578 1642.031 1642.649 1653.715 1676.018 1705.958 1736.858 1762.846 1781.361 1792.774 1798.782 1801.209 1801.505 1800.669 1799.334 1797.873 1796.491 1795.293 1794.319 1793.579 1793.065 1792.76 1792.647 1792.71 1792.934 1793.309 1793.826 1794.477 1795.255 1796.153 1797.165 1798.282 1799.496 1800.798 1802.176 1803.615 1805.094 1806.584 1808.053 1809.474 1810.849 1812.238 1813.766 1815.604 1817.921 1820.831 1824.392 1828.605 1833.436 1838.82 1844.659 1850.809 1857.069 1863.183 1868.851 1873.773 1877.708 1880.532 1882.276 1883.112 1883.306
-9999 -9999 -9999 -9999 1698.722 1694.36 1692.627 1695.373 1704.611 1721.555 1745.241 1771.873 1796.168 1814.043 1824.254 1827.943 1827.203 1823.997 1819.745 1815.322 1811.205 1807.613 1804.614 1802.195 1800.305 1798.877 1797.847 1797.154 1796.748 1796.588 1796.641 1796.884 1797.297 1797.865 1798.573 1799.41 1800.363 1801.418 1802.562 1803.783 1805.065 1806.39 1807.734 1809.065 1810.342 1811.527 1812.62 1813.695 1814.93 1816.565 1818.815 1821.805 1825.576 1830.111 1835.372 1841.304 1847.822 1854.791 1861.997 1869.129 1875.79 1881.54 1885.992 1888.924 1890.359 1890.559 1889.942
-9999 -9999 -9999 -9999 1724.366 1725.641 1730.208 1739.374 1754.2 1774.762 1799.309 1824.073 1844.434 1857.045 1861.312 1859.002 1852.699 1844.651 1836.381 1828.736 1822.097 1816.563 1812.086 1808.553 1805.827 1803.774 1802.276 1801.231 1800.557 1800.191 1800.086 1800.205 1800.521 1801.012 1801.657 1802.437 1803.334 1804.328 1805.399 1806.527 1807.695 1808.878 1810.053 1811.183 1812.222 1813.123 1813.875 1814.579 1815.484 1816.927 1819.171 1822.331 1826.403 1831.349 1837.136 1843.739 1851.121 1859.182 1867.718 1876.367 1884.587 1891.703 1897.053 1900.207 1901.148 1900.296 1898.341
-9999 -9999 -9999 -9999 1746.409 1751.675 1760.393 1773.437 1791.296 1813.526 1838.201 1861.803 1880.034 1889.581 1890.046 1883.716 1873.484 1861.825 1850.431 1840.207 1831.508 1824.367 1818.659 1814.194 1810.77 1808.195 1806.305 1804.963 1804.062 1803.519 1803.275 1803.286 1803.517 1803.942 1804.535 1805.271 1806.124 1807.064 1808.065 1809.098 1810.136 1811.154 1812.123 1813.008 1813.758 1814.323 1814.687 1814.98 1815.546 1816.84 1819.167 1822.584 1827.021 1832.417 1838.768 1846.11 1854.485 1863.88 1874.14 1884.869 1895.341 1904.513 1911.243 1914.714 1914.844 1912.345 1908.374
-9999 -9999 -9999 1759.327 1764.542 1772.368 1783.483 1798.443 1817.406 1839.748 1863.681 1886.138 1903.171 1910.784 1908.579 1900.432 1888.26 1874.53 1861.167 1849.211 1839.066 1830.763 1824.149 1818.994 1815.051 1812.089 1809.906 1808.339 1807.261 1806.576 1806.218 1806.138 1806.301 1806.677 1807.237 1807.948 1808.776 1809.683 1810.628 1811.572 1812.478 1813.313 1814.046 1814.645 1815.065 1815.26 1815.225 1815.125 1815.408 1816.645 1819.139 1822.85 1827.638 1833.44 1840.303 1848.354 1857.756 1868.634 1880.952 1894.335 1907.854 1919.934 1928.65 1932.521 1931.368 1926.433 1919.643
-9999 -9999 -9999 1772.117 1778.899 1788.155 1800.362 1815.839 1834.546 1855.814 1878.09 1898.891 1915.304 1923.986 1914.721 1908.725 1896.61 1882.376 1868.273 1855.505 1844.587 1835.615 1828.461 1822.889 1818.634 1815.439 1813.078 1811.368 1810.168 1809.377 1808.928 1808.776 1808.887 1809.234 1809.784 1810.501 1811.338 1812.244 1813.164 1814.042 1814.827 1815.477 1815.96 1816.252 1816.327 1816.164 1815.793 1815.422 1815.573 1816.861 1819.534 1823.459 1828.466 1834.521 1841.738 1850.348 1860.663 1872.999 1887.526 1903.986 1921.284 1937.166 1948.534 1952.85 1949.822 1941.592 1931.231
-9999 -9999 -9999 1782.223 1789.855 1799.714 1812.109 1827.186 1844.77 1864.177 1884.042 1902.308 1916.66 1924.22 1917.313 1910.58 1899.331 1885.774 1871.956 1859.18 1848.104 1838.932 1831.596 1825.885 1821.532 1818.269 1815.851 1814.081 1812.812 1811.945 1811.422 1811.209 1811.284 1811.624 1812.197 1812.959 1813.853 1814.81 1815.755 1816.611 1817.307 1817.792 1818.032 1818.024 1817.78 1817.334 1816.776 1816.352 1816.563 1817.945 1820.667 1824.594 1829.595 1835.679 1843.01 1851.909 1862.839 1876.342 1892.864 1912.377 1933.725 1953.923 1968.37 1973.096 1967.728 1955.699 1941.505
-9999 -9999 1783.649 1789.93 1797.888 1807.781 1819.793 1833.947 1849.984 1867.22 1884.421 1899.783 1911.116 1916.178 1914.478 1908.211 1898.243 1885.901 1872.914 1860.635 1849.843 1840.848 1833.645 1828.054 1823.815 1820.647 1818.293 1816.542 1815.246 1814.319 1813.722 1813.448 1813.494 1813.848 1814.482 1815.344 1816.361 1817.444 1818.492 1819.398 1820.066 1820.425 1820.445 1820.15 1819.62 1818.973 1818.374 1818.071 1818.433 1819.829 1822.404 1826.119 1830.916 1836.817 1843.998 1852.829 1863.9 1877.964 1895.75 1917.511 1942.132 1966.027 1983.166 1988.169 1980.68 1965.456 1948.247
-9999 1783.941 1789.12 1795.567 1803.487 1813.054 1824.366 1837.377 1851.805 1867.028 1882.003 1895.257 1905.098 1910.142 1909.961 1904.913 1895.859 1884.344 1872.089 1860.424 1850.142 1841.581 1834.764 1829.525 1825.6 1822.692 1820.52 1818.857 1817.554 1816.552 1815.852 1815.491 1815.502 1815.892 1816.633 1817.665 1818.895 1820.209 1821.472 1822.538 1823.27 1823.564 1823.383 1822.783 1821.916 1821.008 1820.306 1820.044 1820.452 1821.76 1824.132 1827.613 1832.171 1837.792 1844.601 1852.976 1863.591 1877.354 1895.193 1917.541 1943.332 1968.693 1986.92 1992.048 1983.819 1967.561 1949.448
1783.556 1787.839 1793.088 1799.46 1807.102 1816.133 1826.602 1838.444 1851.421 1865.068 1878.659 1891.243 1901.697 1908.531 1909.644 1904.203 1894.241 1882.335 1870.241 1859.039 1849.334 1841.374 1835.146 1830.469 1827.057 1824.58 1822.711 1821.188 1819.864 1818.72 1817.835 1817.323 1817.273 1817.715 1818.622 1819.914 1821.478 1823.165 1824.802 1826.189 1827.125 1827.442 1827.066 1826.06 1824.642 1823.143 1821.928 1821.308 1821.525 1822.763 1825.134 1828.634 1833.147 1838.544 1844.85 1852.409 1861.949 1874.476 1890.983 1911.893 1936.105 1959.875 1977.011 1982.203 1975.252 1960.83 1944.437
-9999 1790.625 1795.779 1801.909 1809.125 1817.506 1827.085 1837.813 1849.542 1862.013 1874.885 1887.792 1900.153 1909.943 1912.424 1905.385 1893.134 1879.941 1867.587 1856.733 1847.66 1840.44 1834.985 1831.077 1828.396 1826.55 1825.126 1823.785 1822.364 1820.922 1819.682 1818.892 1818.729 1819.243 1820.39 1822.061 1824.111 1826.361 1828.592 1830.536 1831.892 1832.376 1831.809 1830.209 1827.833 1825.13 1822.662 1821.044 1820.801 1822.153 1824.975 1828.986 1833.851 1839.243 1845.021 1851.471 1859.395 1869.896 1883.949 1901.834 1922.395 1942.387 1956.966 1962.199 1957.845 1947.182 1934.356
-9999 -9999 1797.401 1803.181 1809.878 1817.554 1826.234 1835.901 1846.495 1857.93 1870.147 1883.114 1896.406 1907.524 1910.703 1903.173 1889.904 1876.119 1863.839 1853.534 1845.261 1838.953 1834.46 1831.547 1829.86 1828.919 1828.149 1827.033 1825.345 1823.287 1821.363 1820.078 1819.723 1820.347 1821.844 1824.047 1826.773 1829.822 1832.941 1835.787 1837.912 1838.82 1838.113 1835.678 1831.782 1827.035 1822.341 1818.926 1817.982 1819.795 1823.687 1828.832 1834.578 1840.329 1845.675 1850.807 1856.69 1864.636 1875.632 1889.799 1905.992 1921.644 1933.36 1938.519 1936.816 1930.197 1921.416
-9999 -9999 -9999 1803.5 1809.629 1816.572 1824.354 1832.979 1842.437 1852.725 1863.861 1875.794 1887.881 1897.624 1900.438 1894.207 1882.515 1869.929 1858.688 1849.433 1842.244 1837.049 1833.715 1832.04 1831.683 1832.065 1832.326 1831.535 1829.245 1825.941 1822.737 1820.619 1820.005 1820.839 1822.859 1825.789 1829.409 1833.528 1837.901 1842.128 1845.569 1847.373 1846.72 1843.218 1837.166 1829.479 1821.599 1815.665 1813.862 1816.476 1821.912 1828.662 1835.792 1842.377 1847.523 1851.205 1854.711 1859.804 1867.59 1878.078 1890.192 1901.987 1911.179 1916.071 1916.331 1912.988 1907.729
-9999 -9999 1798.16 1803.062 1808.598 1814.801 1821.69 1829.272 1837.544 1846.499 1856.094 1866.108 1875.73 1882.959 1884.951 1880.509 1871.676 1861.585 1852.268 1844.571 1838.747 1834.84 1832.821 1832.609 1833.979 1836.329 1838.367 1838.219 1834.713 1828.902 1823.355 1819.971 1819.163 1820.477 1823.302 1827.196 1831.924 1837.372 1843.392 1849.602 1855.157 1858.659 1858.512 1853.8 1844.988 1833.721 1822.333 1813.883 1811.218 1814.358 1820.931 1829.04 1837.664 1845.502 1850.807 1853.024 1853.937 1856.066 1860.76 1867.954 1876.647 1885.346 1892.489 1896.94 1898.377 1897.293 1894.672
-9999 -9999 -9999 1802.031 1806.971 1812.443 1818.457 1825.007 1832.073 1839.604 1847.468 1855.332 1862.431 1867.395 1868.669 1865.693 1859.568 1852.202 1845.139 1839.251 1834.941 1832.394 1831.735 1833.084 1836.503 1841.646 1846.857 1848.34 1842.54 1831.636 1821.985 1817.09 1816.618 1819.031 1823.108 1828.221 1834.2 1841.118 1849.065 1857.834 1866.453 1872.784 1873.91 1867.958 1855.885 1840.929 1826.789 1816.847 1813.314 1815.702 1821.787 1829.964 1839.336 1848.279 1853.998 1855.059 1853.653 1853.132 1855.136 1859.585 1865.563 1871.882 1877.41 1881.339 1883.364 1883.691 1882.871
-9999 -9999 -9999 -9999 1804.905 1809.673 1814.85 1820.415 1826.322 1832.481 1838.71 1844.666 1849.745 1853.096 1853.918 1851.991 1847.942 1842.899 1837.939 1833.815 1830.982 1829.727 1830.295 1833.01 1838.344 1846.68 1856.814 1862.271 1852.57 1831.472 1815.622 1810.29 1811.821 1816.5 1822.419 1828.944 1836.137 1844.399 1854.198 1865.681 1877.936 1888.034 1891.185 1884.013 1868.432 1850.183 1834.375 1823.795 1819.195 1819.681 1823.754 1830.429 1839.028 1847.866 1853.68 1854.347 1851.847 1849.758 1849.92 1852.378 1856.374 1860.96 1865.275 1868.705 1870.97 1872.121 1872.461
-9999 -9999 -9999 -9999 -9999 1806.639 1811.041 1815.702 1820.56 1825.506 1830.355 1834.811 1838.446 1840.76 1841.351 1840.164 1837.589 1834.319 1831.086 1828.493 1826.969 1826.823 1828.324 1831.844 1838.066 1848.072 1862.039 1872.49 1857.086 1819.466 1799.002 1798.209 1805.063 1813.53 1821.778 1829.67 1837.744 1846.824 1857.789 1871.179 1886.261 1899.509 1904.416 1896.271 1878.13 1857.862 1841.293 1830.37 1824.695 1823.17 1824.837 1829.165 1835.657 1842.862 1847.959 1848.879 1846.819 1844.653 1844.138 1845.528 1848.314 1851.784 1855.279 1858.321 1860.659 1862.276 1863.333
-9999 -9999 -9999 -9999 -9999 1803.462 1807.163 1811.026 1814.981 1818.92 1822.68 1826.031 1828.688 1830.36 1830.854 1830.189 1828.633 1826.64 1824.728 1823.369 1822.935 1823.693 1825.824 1829.491 1835.021 1843.059 1853.386 1858.293 1833.856 1786.487 1772.863 1784.049 1798.958 1811.821 1822.216 1830.972 1839.231 1848.215 1859.078 1872.532 1887.878 1901.425 1906.473 1898.512 1880.836 1861.057 1844.869 1833.94 1827.405 1824.177 1823.619 1825.452 1829.337 1834.203 1838.065 1839.353 1838.528 1837.375 1837.232 1838.454 1840.772 1843.699 1846.75 1849.559 1851.923 1853.803 1855.291
-9999 -9999 -9999 -9999 1797.275 1800.227 1803.312 1806.489 1809.695 1812.833 1815.769 1818.333 1820.336 1821.611 1822.068 1821.756 1820.877 1819.762 1818.803 1818.387 1818.842 1820.384 1823.057 1826.68 1830.837 1834.922 1837.275 1831.318 1804.389 1766.67 1760.76 1778.801 1798.412 1813.74 1824.999 1833.574 1841.021 1848.817 1858.176 1869.695 1882.563 1893.539 1897.491 1891.347 1877.291 1860.414 1845.48 1834.57 1827.12 1822.262 1819.572 1818.941 1820.238 1822.843 1825.535 1827.215 1827.844 1828.241 1829.179 1830.943 1833.411 1836.278 1839.211 1841.95 1844.351 1846.386 1848.127
-9999 -9999 -9999 1792.17 1794.528 1796.992 1799.541 1802.142 1804.741 1807.259 1809.588 1811.601 1813.168 1814.185 1814.611 1814.504 1814.032 1813.461 1813.125 1813.378 1814.546 1816.849 1820.278 1824.421 1828.283 1830.305 1828.446 1819.417 1800.009 1778.479 1774.868 1788.739 1806.34 1820.825 1831.066 1838.096 1843.601 1849.202 1856.046 1864.503 1873.728 1881.327 1884.106 1880.254 1870.592 1857.458 1844.063 1832.926 1824.274 1817.57 1812.552 1809.317 1808.081 1808.77 1810.761 1813.178 1815.516 1817.805 1820.281 1823.074 1826.137 1829.3 1832.364 1835.167 1837.633 1839.771 1841.655
-9999 -9999 1787.919 1789.802 1791.76 1793.785 1795.869 1797.989 1800.105 1802.154 1804.049 1805.686 1806.961 1807.796 1808.164 1808.122 1807.814 1807.482 1807.442 1808.065 1809.732 1812.751 1817.213 1822.73 1828.092 1831.032 1828.687 1819.844 1806.978 1796.579 1796.364 1806.606 1820.725 1832.868 1840.694 1844.81 1847.236 1849.865 1853.748 1859.016 1864.859 1869.625 1871.4 1868.988 1862.302 1852.123 1840.38 1829.193 1819.254 1810.406 1802.622 1796.348 1792.422 1791.541 1793.57 1797.476 1802.067 1806.637 1810.979 1815.104 1819.024 1822.695 1826.038 1828.99 1831.546 1833.759 1835.722
-9999 -9999 1785.857 1787.401 1788.984 1790.61 1792.283 1793.997 1795.731 1797.438 1799.041 1800.441 1801.532 1802.229 1802.5 1802.381 1802.003 1801.594 1801.484 1802.092 1803.895 1807.357 1812.754 1819.838 1827.232 1831.825 1829.854 1821.873 1813.476 1809.845 1813.751 1824.491 1837.969 1848.858 1853.705 1853.438 1851.604 1850.768 1851.735 1854.258 1857.473 1860.136 1860.949 1858.946 1853.672 1845.319 1834.948 1823.858 1812.657 1801.402 1790.304 1780.324 1773.319 1771.171 1774.178 1780.611 1788.177 1795.414 1801.816 1807.384 1812.243 1816.486 1820.155 1823.284 1825.934 1828.204 1830.208
-9999 -9999 -9999 1784.982 1786.204 1787.451 1788.744 1790.103 1791.535 1793.008 1794.448 1795.74 1796.749 1797.355 1797.488 1797.156 1796.464 1795.634 1795.012 1795.077 1796.419 1799.669 1805.279 1813.042 1821.284 1826.404 1825.231 1819.813 1815.886 1817.37 1825.406 1839.105 1855.438 1868.084 1869.694 1862.616 1855.316 1851.102 1849.728 1850.247 1851.627 1852.803 1852.757 1850.655 1845.969 1838.636 1829.109 1817.985 1805.545 1791.8 1777.074 1762.887 1752.476 1749.386 1754.269 1764.087 1775.072 1785.059 1793.435 1800.324 1806.017 1810.756 1814.703 1817.978 1820.703 1823.009 1825.026
-9999 -9999 -9999 1782.554 1783.414 1784.274 1785.187 1786.212 1787.395 1788.733 1790.147 1791.483 1792.54 1793.127 1793.106 1792.435 1791.183 1789.549 1787.882 1786.706 1786.719 1788.715 1793.321 1800.392 1808.205 1813.562 1814.529 1813.329 1814.248 1820.016 1831.333 1847.907 1868.967 1888.756 1886.534 1867.864 1855.422 1849.493 1847.092 1846.58 1846.898 1847.151 1846.515 1844.269 1839.885 1833.123 1824.037 1812.766 1799.286 1783.46 1765.615 1747.728 1734.376 1730.763 1737.707 1750.675 1764.543 1776.68 1786.513 1794.327 1800.57 1805.613 1809.712 1813.056 1815.807 1818.116 1820.121
-9999 -9999 -9999 1780.131 1780.604 1781.042 1781.531 1782.193 1783.146 1784.439 1785.994 1787.582 1788.885 1789.585 1789.442 1788.338 1786.286 1783.438 1780.112 1776.832 1774.37 1773.718 1775.825 1780.959 1787.935 1794.399 1799.009 1803.039 1808.934 1818.245 1831.241 1847.606 1867.867 1892.444 1883.639 1857.485 1848.648 1845.072 1843.468 1842.94 1842.906 1842.779 1841.939 1839.763 1835.694 1829.342 1820.526 1809.174 1795.151 1778.299 1759.009 1739.537 1725.067 1721.391 1729.218 1743.383 1758.306 1771.222 1781.569 1789.683 1796.066 1801.144 1805.221 1808.523 1811.23 1813.497 1815.459
-9999 -9999 -9999 -9999 1777.781 1777.719 1777.681 1777.877 1778.557 1779.887 1781.803 1783.956 1785.819 1786.865 1786.705 1785.125 1782.066 1777.607 1771.969 1765.591 1759.241 1754.142 1751.881 1753.825 1760.063 1769.015 1778.84 1789.027 1800.121 1812.553 1825.97 1838.943 1847.951 1841.524 1820.358 1831.229 1837.505 1839 1839.234 1839.33 1839.462 1839.425 1838.81 1837.056 1833.511 1827.601 1819.026 1807.758 1793.829 1777.304 1758.792 1740.583 1727.338 1723.891 1730.682 1743.317 1756.943 1768.974 1778.747 1786.463 1792.542 1797.368 1801.239 1804.377 1806.958 1809.13 1811.016
