tethysapp/magdalena_cauca_data_viewer/public/raster/bs.asc
ncols         279
nrows         512
xllcorner     -77.443335897482
yllcorner     1.3064112990023
cellsize      0.020005794964035
NODATA_value  -9999
[rows 420 to 449 of 512, columns 67 to 133 of 279]
1622.374 1624.737 1626.933 1628.941 1630.766 1632.423 1633.926 1635.28 1636.479 1637.504 1638.321 1638.877 1639.103 1638.902 1638.156 1636.724 1634.466 1631.29 1627.282 1622.928 1619.36 1618.297 1621.229 1628.27 1638.076 1648.974 1659.885 1670.416 1680.561 1690.442 1700.186 1709.916 1719.776 1729.89 1740.216 1750.421 1759.97 1768.304 1774.943 1779.525 1781.83 1781.808 1779.594 1775.477 1769.851 1763.157 1755.835 1748.299 1740.921 1734.017 1727.837 1722.535 1718.151 1714.6 1711.692 1709.166 1706.731 1704.108 1701.057 1697.395 1693.004 1687.837 1681.924 1675.379 1668.403 1661.284 1654.379
1622.269 1624.015 1625.746 1627.418 1629.011 1630.519 1631.936 1633.255 1634.462 1635.533 1636.434 1637.118 1637.525 1637.581 1637.196 1636.278 1634.749 1632.595 1629.959 1627.274 1625.379 1625.415 1628.318 1634.196 1642.274 1651.513 1661.187 1670.997 1680.907 1690.961 1701.202 1711.689 1722.557 1733.987 1745.963 1758.042 1769.481 1779.508 1787.442 1792.736 1795.023 1794.198 1790.441 1784.186 1776.014 1766.557 1756.424 1746.179 1736.328 1727.325 1719.535 1713.196 1708.368 1704.919 1702.56 1700.901 1699.539 1698.109 1696.321 1693.975 1690.953 1687.219 1682.813 1677.844 1672.488 1666.982 1661.606
1621.418 1622.726 1624.116 1625.539 1626.963 1628.367 1629.735 1631.05 1632.293 1633.438 1634.453 1635.298 1635.923 1636.274 1636.291 1635.921 1635.138 1633.977 1632.599 1631.352 1630.81 1631.673 1634.486 1639.342 1645.871 1653.546 1661.999 1671.099 1680.84 1691.223 1702.213 1713.795 1726.073 1739.245 1753.309 1767.744 1781.632 1793.968 1803.794 1810.244 1812.687 1810.894 1805.12 1796.026 1784.49 1771.416 1757.636 1743.894 1730.869 1719.189 1709.394 1701.841 1696.612 1693.483 1691.985 1691.529 1691.535 1691.524 1691.143 1690.174 1688.507 1686.123 1683.076 1679.478 1675.49 1671.318 1667.187
1619.78 1620.811 1621.983 1623.248 1624.571 1625.924 1627.285 1628.632 1629.943 1631.19 1632.345 1633.373 1634.237 1634.897 1635.316 1635.47 1635.363 1635.05 1634.674 1634.49 1634.868 1636.213 1638.834 1642.814 1648.035 1654.343 1661.708 1670.217 1679.955 1690.919 1703.014 1716.149 1730.357 1745.781 1762.394 1779.671 1796.636 1812.072 1824.623 1832.897 1835.776 1832.792 1824.324 1811.43 1795.455 1777.693 1759.244 1741.046 1723.977 1708.908 1696.636 1687.708 1682.227 1679.799 1679.651 1680.876 1682.649 1684.339 1685.538 1686.022 1685.706 1684.602 1682.79 1680.394 1677.574 -9999 -9999
1617.356 1618.248 1619.313 1620.508 1621.799 1623.157 1624.556 1625.973 1627.382 1628.758 1630.074 1631.302 1632.412 1633.377 1634.174 1634.795 1635.256 1635.61 1635.964 1636.49 1637.405 1638.933 1641.24 1644.4 1648.452 1653.523 1659.903 1667.947 1677.886 1689.728 1703.305 1718.438 1735.058 1753.208 1772.828 1793.485 1814.282 1833.845 1850.295 1861.4 1865.169 1860.699 1848.6 1830.634 1808.896 1785.205 1760.937 1737.2 1715.08 1695.776 1680.487 1670.071 1664.655 1663.533 1665.433 1668.967 1672.979 1676.683 1679.633 1681.634 1682.656 1682.76 1682.068 -9999 -9999 -9999 -9999
1614.165 1615.032 1616.088 1617.295 1618.622 1620.041 1621.524 1623.047 1624.585 1626.115 1627.611 1629.049 1630.405 1631.66 1632.799 1633.821 1634.74 1635.595 1636.457 1637.421 1638.599 1640.094 1641.976 1644.302 1647.207 1651.047 1656.447 1664.102 1674.432 1687.435 1702.82 1720.267 1739.594 1760.765 1783.745 1808.286 1833.702 1858.582 1880.452 1895.814 1901.175 1894.83 1877.864 1853.292 1824.365 1793.531 1762.368 1732.048 1703.842 1679.392 1660.53 1648.614 1643.793 1644.824 1649.64 1656.177 1662.894 1668.872 1673.684 1677.215 1679.521 1680.742 -9999 -9999 -9999 -9999 -9999
1610.23 1611.17 1612.302 1613.596 1615.022 1616.555 1618.167 1619.833 1621.532 1623.238 1624.929 1626.584 1628.183 1629.709 1631.154 1632.513 1633.796 1635.024 1636.233 1637.461 1638.742 1640.088 1641.495 1642.979 1644.72 1647.263 1651.61 1658.886 1669.751 1684.136 1701.538 1721.439 1743.533 1767.747 1794.138 1822.722 1853.184 1884.318 1913.159 1934.495 1942.356 1933.662 1910.427 1877.785 1840.591 1801.889 1763.243 1725.696 1690.642 1660.302 1637.437 1624.174 1620.652 1624.771 1633.326 1643.412 1653.106 1661.437 1668.077 1673.045 1676.516 -9999 -9999 -9999 -9999 -9999 -9999
1605.573 1606.667 1607.952 1609.401 1610.987 1612.684 1614.469 1616.316 1618.203 1620.108 1622.009 1623.886 1625.723 1627.503 1629.217 1630.861 1632.435 1633.946 1635.402 1636.801 1638.123 1639.318 1640.31 1641.058 1641.728 1642.996 1646.243 1653.123 1664.573 1680.408 1699.833 1722.092 1746.749 1773.697 1803.077 1835.168 1870.142 1907.352 1943.775 1972.329 1983.464 1971.987 1941.57 1900.421 1855.152 1809.096 1763.485 1719.035 1677.207 1640.898 1614.054 1599.787 1598.167 1605.933 1618.514 1632.15 1644.642 1655.074 1663.282 1669.448 -9999 -9999 -9999 -9999 -9999 -9999 -9999
1600.211 1601.532 1603.038 1604.704 1606.506 1608.419 1610.418 1612.482 1614.586 1616.711 1618.835 1620.941 1623.009 1625.027 1626.983 1628.868 1630.678 1632.409 1634.051 1635.583 1636.96 1638.096 1638.873 1639.19 1639.155 1639.468 1641.799 1648.303 1660.224 1677.274 1698.395 1722.614 1749.356 1778.421 1809.897 1844.143 1881.69 1922.642 1964.625 1999.386 2013.528 1999.443 1963.015 1915.553 1864.773 1813.793 1763.353 1713.855 1666.834 1625.836 1595.926 1581.125 1581.345 1592.199 1607.939 1624.193 1638.649 1650.506 1659.761 1666.726 -9999 -9999 -9999 -9999 -9999 -9999 -9999
1594.15 1595.766 1597.557 1599.501 1601.573 1603.749 1606.005 1608.32 1610.671 1613.037 1615.399 1617.737 1620.036 1622.278 1624.451 1626.542 1628.543 1630.443 1632.229 1633.877 1635.345 1636.555 1637.396 1637.753 1637.669 1637.76 1639.73 1646 1658.077 1675.745 1697.875 1723.386 1751.56 1781.992 1814.497 1849.125 1886.248 1926.338 1968.107 2003.918 2018.816 2003.929 1966.339 1918.183 1866.865 1815.074 1763.37 1712.169 1663.201 1620.411 1589.386 1574.471 1575.407 1587.307 1604.017 1621.015 1636.008 1648.263 1657.839 1665.093 -9999 -9999 -9999 -9999 -9999 -9999 -9999
1587.391 1589.367 1591.507 1593.786 1596.182 1598.668 1601.223 1603.824 1606.449 1609.079 1611.693 1614.272 1616.799 1619.255 1621.625 1623.892 1626.043 1628.064 1629.945 1631.672 1633.228 1634.586 1635.7 1636.516 1637.066 1637.814 1640.211 1646.532 1658.438 1676.017 1698.369 1724.463 1753.466 1784.703 1817.529 1851.293 1885.493 1920 1954.225 1983.243 1995.342 1982.747 1950.591 1908.198 1861.528 1813.137 1763.968 1714.877 1667.872 1626.867 1597.057 1582.298 1582.254 1592.505 1607.488 1623.036 1636.957 1648.485 1657.606 1664.61 -9999 -9999 -9999 -9999 -9999 -9999 -9999
1579.925 1582.326 1584.878 1587.554 1590.327 1593.172 1596.067 1598.989 1601.918 1604.833 1607.715 1610.545 1613.302 1615.966 1618.517 1620.932 1623.193 1625.283 1627.189 1628.911 1630.465 1631.889 1633.241 1634.59 1636.04 1637.939 1641.349 1648.107 1659.835 1677.005 1699.127 1725.377 1754.906 1786.837 1820.094 1853.235 1884.479 1912.197 1935.464 1952.755 1959.07 1949.477 1925.249 1891.262 1851.722 1809.185 1765.157 1721.02 1678.94 1642.368 1615.436 1601.029 1598.86 1605.599 1616.922 1629.378 1640.972 1650.863 1658.883 1665.176 -9999 -9999 -9999 -9999 -9999 -9999 -9999
1571.733 1574.633 1577.664 1580.797 1584.003 1587.256 1590.534 1593.813 1597.076 1600.301 1603.469 1606.561 1609.554 1612.424 1615.144 1617.687 1620.023 1622.123 1623.968 1625.555 1626.917 1628.138 1629.37 1630.83 1632.783 1635.618 1640.14 1647.719 1659.726 1676.808 1698.828 1725.239 1755.339 1788.271 1822.837 1857.156 1888.411 1913.162 1928.767 1935.113 1933.216 1922.396 1902.228 1874.297 1841.03 1804.547 1766.504 1728.484 1692.526 1661.352 1637.889 1624.051 1619.654 1622.503 1629.595 1638.326 1647.002 1654.756 1661.277 1666.552 -9999 -9999 -9999 -9999 -9999 -9999 -9999
1562.794 1566.27 1569.854 1573.51 1577.208 1580.921 1584.625 1588.299 1591.925 1595.485 1598.959 1602.327 1605.565 1608.646 1611.536 1614.194 1616.579 1618.641 1620.338 1621.641 1622.561 1623.178 1623.685 1624.432 1625.938 1628.894 1634.197 1642.902 1655.926 1673.708 1696.199 1723.084 1753.931 1788.188 1824.95 1862.497 1897.612 1925.141 1939.214 1937.913 1926.002 1908.523 1886.715 1860.75 1831.404 1799.854 1767.35 1735.249 1705.193 1679.133 1658.985 1645.937 1639.889 1639.504 1642.844 1648.078 1653.866 1659.405 -9999 -9999 -9999 -9999 -9999 -9999 -9999 -9999 -9999
1553.078 1557.22 1561.437 1565.689 1569.942 1574.167 1578.343 1582.449 1586.471 1590.391 1594.192 1597.855 1601.354 1604.658 1607.725 1610.505 1612.933 1614.935 1616.428 1617.328 1617.577 1617.181 1616.294 1615.344 1615.186 1617.133 1622.632 1632.67 1647.501 1666.908 1690.571 1718.251 1749.824 1785.192 1824.009 1865.074 1905.186 1937.7 1953.292 1947.442 1927.069 1902.015 1876.248 1849.911 1822.724 1794.895 1767.034 1740.033 1715.025 1693.296 1676.03 1663.939 1656.972 1654.344 1654.851 1657.262 -9999 -9999 -9999 -9999 -9999 -9999 -9999 -9999 -9999 -9999 -9999
1542.554 1547.464 1552.406 1557.332 1562.207 1567.001 1571.695 1576.272 1580.721 1585.027 1589.179 1593.157 1596.937 1600.485 1603.753 1606.678 1609.177 1611.14 1612.433 1612.898 1612.365 1610.699 1607.913 1604.425 1601.447 1601.211 1606.232 1617.721 1635.039 1656.837 1682.16 1710.677 1742.506 1777.968 1817.206 1859.435 1901.449 1935.789 1951.896 1944.736 1921.507 1893.234 1865.487 1839.147 1813.756 1789.014 1765.036 1742.271 1721.397 1703.197 1688.374 1677.341 1670.072 1666.109 1664.711 -9999 -9999 -9999 -9999 -9999 -9999 -9999 -9999 -9999 -9999 -9999 -9999
1531.191 1536.988 1542.758 1548.445 1554.013 1559.434 1564.694 1569.78 1574.685 1579.404 1583.929 1588.244 1592.329 1596.15 1599.656 1602.774 1605.403 1607.404 1608.591 1608.722 1607.5 1604.604 1599.831 1593.46 1586.985 1583.718 1587.703 1600.641 1620.76 1645.197 1672.135 1701.045 1732.192 1766.153 1803.317 1843.031 1882.134 1913.62 1928.501 1922.974 1902.716 1876.791 1850.757 1826.274 1803.318 1781.607 1761.065 1741.875 1724.404 1709.1 1696.368 1686.445 1679.315 1674.706 1672.164 -9999 -9999 -9999 -9999 -9999 -9999 -9999 -9999 -9999 -9999 -9999 -9999
1518.963 1525.786 1532.498 1539.041 1545.379 1551.488 1557.359 1562.989 1568.38 1573.535 1578.452 1583.127 1587.543 1591.671 1595.461 1598.839 1601.693 1603.865 1605.129 1605.178 1603.605 1599.916 1593.665 1584.906 1575.244 1568.99 1571.816 1585.921 1608.306 1634.645 1662.347 1690.675 1719.923 1750.754 1783.616 1817.922 1850.922 1877.114 1890.197 1887.721 1873.281 1853.024 1831.463 1810.589 1790.905 1772.414 1755.093 1739.036 1724.45 1711.592 1700.698 1691.904 1685.203 1680.432 -9999 -9999 -9999 -9999 -9999 -9999 -9999 -9999 -9999 -9999 -9999 -9999 -9999
1505.854 1513.862 1521.647 1529.149 1536.336 1543.192 1549.719 1555.926 1561.826 1567.433 1572.76 1577.812 1582.582 1587.051 1591.178 1594.893 1598.09 1600.606 1602.206 1602.555 1601.189 1597.512 1590.904 1581.196 1569.94 1562.058 1564.216 1578.62 1601.46 1627.782 1654.638 1681.07 1707.242 1733.742 1761.027 1788.719 1814.828 1835.611 1847.066 1847.583 1839.046 1825.133 1809.041 1792.63 1776.708 1761.563 1747.319 1734.092 1722.033 1711.31 1702.073 1694.41 1688.321 1683.713 -9999 -9999 -9999 -9999 -9999 -9999 -9999 -9999 -9999 -9999 -9999 -9999 -9999
1491.868 1501.243 1510.243 1518.814 1526.93 1534.592 1541.814 1548.623 1555.048 1561.119 1566.864 1572.301 1577.442 1582.279 1586.789 1590.919 1594.579 1597.63 1599.86 1600.958 1600.481 1597.838 1592.361 1583.737 1573.333 1565.995 1568.056 1581.182 1601.874 1625.778 1650.032 1673.391 1695.681 1717.286 1738.681 1759.845 1779.661 1795.845 1805.905 1808.639 1804.799 1796.376 1785.431 1773.453 1761.303 1749.434 1738.091 1727.447 1717.65 1708.838 1701.124 1694.578 1689.212 -9999 -9999 -9999 -9999 -9999 -9999 -9999 -9999 -9999 -9999 -9999 -9999 -9999 -9999
1477.041 1487.984 1498.354 1508.105 1517.229 1525.748 1533.699 1541.126 1548.082 1554.617 1560.775 1566.597 1572.11 1577.33 1582.253 1586.855 1591.081 1594.835 1597.966 1600.241 1601.318 1600.711 1597.81 1592.163 1584.654 1579.2 1580.893 1591.18 1607.865 1627.809 1648.446 1668.213 1686.462 1703.263 1719.115 1734.426 1748.885 1761.253 1769.929 1773.897 1773.248 1768.933 1762.186 1754.073 1745.349 1736.492 1727.81 1719.51 1711.755 1704.676 1698.377 1692.923 1688.339 -9999 -9999 -9999 -9999 -9999 -9999 -9999 -9999 -9999 -9999 -9999 -9999 -9999 -9999
1461.45 1474.183 1486.08 1497.121 1507.326 1516.745 1525.443 1533.495 1540.975 1547.958 1554.512 1560.699 1566.57 1572.163 1577.505 1582.604 1587.45 1592.012 1596.225 1599.978 1603.086 1605.229 1605.852 1604.161 1600.002 1595.954 1596.416 1603.382 1615.921 1631.896 1649.08 1665.662 1680.484 1693.193 1704.244 1714.468 1724.276 1733.197 1740.187 1744.365 1745.479 1743.881 1740.231 1735.212 1729.388 1723.171 1716.856 1710.658 1704.744 1699.244 1694.26 1689.861 1686.085 -9999 -9999 -9999 -9999 -9999 -9999 -9999 -9999 -9999 -9999 -9999 -9999 -9999 -9999
1445.237 1459.984 1473.564 1485.995 1497.34 1507.688 1517.141 1525.805 1533.787 1541.188 1548.103 1554.617 1560.807 1566.738 1572.465 1578.036 1583.49 1588.864 1594.188 1599.485 1604.73 1609.749 1613.927 1615.837 1614.061 1610.353 1609.323 1613.632 1623.075 1636.149 1650.956 1665.571 1678.323 1688.239 1695.491 1701.235 1706.62 1711.911 1716.578 1719.925 1721.562 1721.481 1719.93 1717.25 1713.778 1709.799 1705.547 1701.213 1696.949 1692.885 1689.121 1685.73 1682.763 -9999 -9999 -9999 -9999 -9999 -9999 -9999 -9999 -9999 -9999 -9999 -9999 -9999 -9999
1428.62 1445.598 1460.997 1474.899 1487.423 1498.71 1508.906 1518.155 1526.598 1534.368 1541.588 1548.37 1554.815 1561.017 1567.058 1573.021 1578.99 1585.058 1591.336 1597.94 1604.944 1612.2 1618.891 1623.011 1622.544 1619.091 1617.314 1620.13 1627.789 1639.279 1653.083 1667.317 1679.826 1688.707 1693.362 1695.029 1695.728 1696.732 1698.202 1699.743 1700.919 1701.452 1701.238 1700.29 1698.7 1696.598 1694.126 1691.43 1688.641 1685.878 1683.239 1680.802 1678.624 1676.74 -9999 -9999 -9999 -9999 -9999 -9999 -9999 -9999 -9999 -9999 -9999 -9999 -9999
1411.914 1431.302 1448.622 1464.043 1477.758 1489.97 1500.875 1510.662 1519.509 1527.58 1535.03 1541.998 1548.61 1554.985 1561.23 1567.454 1573.77 1580.307 1587.211 1594.629 1602.624 1610.949 1618.585 1623.468 1623.914 1621.465 1620.093 1622.554 1629.495 1640.418 1654.261 1669.355 1683.195 1692.762 1696.121 1694.145 1689.815 1685.816 1683.333 1682.396 1682.531 1683.175 1683.854 1684.25 1684.208 1683.697 1682.767 1681.51 1680.033 1678.443 1676.837 1675.294 1673.875 -9999 -9999 -9999 -9999 -9999 -9999 -9999 -9999 -9999 -9999 -9999 -9999 -9999 -9999
1395.536 1417.442 1436.726 1453.668 1468.552 1481.65 1493.212 1503.472 1512.646 1520.933 1528.519 1535.57 1542.239 1548.664 1554.971 1561.284 1567.729 1574.441 1581.558 1589.195 1597.332 1605.604 1612.986 1617.847 1619.191 1618.32 1618.172 1621.079 1627.967 1638.808 1652.981 1669.109 1684.571 1695.517 1698.641 1693.956 1684.993 1675.977 1669.453 1666.025 1665.15 1665.898 1667.387 1668.979 1670.297 1671.177 1671.595 1671.605 1671.294 1670.759 1670.094 1669.378 1668.679 -9999 -9999 -9999 -9999 -9999 -9999 -9999 -9999 -9999 -9999 -9999 -9999 -9999 -9999
1379.998 1404.42 1425.63 1444.04 1460.033 1473.951 1486.099 1496.753 1506.165 1514.568 1522.179 1529.194 1535.788 1542.12 1548.327 1554.537 1560.872 1567.451 1574.377 1581.703 1589.332 1596.863 1603.46 1608.062 1610.226 1610.945 1612.238 1615.929 1623.014 1633.759 1647.816 1664.005 1679.786 1691.167 1694.291 1688.239 1676.184 1663.364 1653.802 1648.796 1647.66 1649.007 1651.546 1654.372 1656.969 1659.1 1660.71 1661.835 1662.554 1662.962 1663.149 1663.195 -9999 -9999 -9999 -9999 -9999 -9999 -9999 -9999 -9999 -9999 -9999 -9999 -9999 -9999 -9999
1365.876 1392.663 1415.661 1435.424 1452.429 1467.083 1479.737 1490.7 1500.254 1508.664 1516.177 1523.02 1529.394 1535.474 1541.408 1547.318 1553.311 1559.475 1565.875 1572.51 1579.247 1585.741 1591.415 1595.676 1598.403 1600.331 1602.824 1607.236 1614.457 1624.816 1638.032 1652.972 1667.27 1677.375 1679.802 1673.232 1659.976 1645.425 1634.741 1629.816 1629.663 1632.372 1636.319 1640.471 1644.287 1647.544 1650.199 1652.296 1653.918 1655.16 1656.111 1656.853 -9999 -9999 -9999 -9999 -9999 -9999 -9999 -9999 -9999 -9999 -9999 -9999 -9999 -9999 -9999
1353.747 1382.57 1407.111 1428.053 1445.95 1461.253 1474.337 1485.531 1495.137 1503.443 1510.728 1517.252 1523.247 1528.908 1534.389 1539.805 1545.241 1550.755 1556.372 1562.062 1567.699 1573.036 1577.729 1581.5 1584.401 1586.992 1590.215 1595.047 1602.185 1611.869 1623.746 1636.671 1648.523 1656.399 1657.548 1650.771 1637.751 1623.477 1613.573 1610.222 1612.018 1616.565 1622.055 1627.479 1632.378 1636.597 1640.135 1643.059 1645.46 1647.432 -9999 -9999 -9999 -9999 -9999 -9999 -9999 -9999 -9999 -9999 -9999 -9999 -9999 -9999 -9999 -9999 -9999
1344.089 1374.447 1400.194 1422.1 1440.762 1456.641 1470.109 1481.485 1491.073 1499.177 1506.103 1512.153 1517.598 1522.659 1527.502 1532.234 1536.917 1541.577 1546.21 1550.77 1555.159 1559.227 1562.807 1565.823 1568.427 1571.084 1574.488 1579.351 1586.17 1595.043 1605.519 1616.473 1626.075 1632.058 1632.394 1626.205 1614.825 1602.485 1594.452 1592.984 1596.567 1602.613 1609.285 1615.658 1621.368 1626.327 1630.567 1634.17 1637.227 -9999 -9999 -9999 -9999 -9999 -9999 -9999 -9999 -9999 -9999 -9999 -9999 -9999 -9999 -9999 -9999 -9999 -9999
