tethysapp/magdalena_cauca_data_viewer/public/raster/bs.asc
ncols         279
nrows         512
xllcorner     -77.443335897482
yllcorner     1.3064112990023
cellsize      0.020005794964035
NODATA_value  -9999
[rows 270 to 299 of 512, columns 201 to 267 of 279]
1804.723 1800.764 1796.372 1791.526 1786.232 1780.543 1774.578 1768.54 1762.734 1757.556 1753.468 1750.92 1750.253 1751.606 1754.886 1759.803 1765.96 1772.94 1780.37 1787.95 1795.469 1802.792 1809.844 1816.6 1823.066 1829.262 1835.22 1840.968 1846.528 1851.913 1857.118 1862.124 1866.889 1871.353 1875.428 1879.005 1881.939 1884.063 1885.18 1885.08 1883.559 1880.47 1875.783 1869.694 1862.726 1855.77 1849.935 1846.152 1844.741 1845.295 -9999 -9999 -9999 -9999 -9999 -9999 -9999 -9999 -9999 -9999 -9999 -9999 -9999 -9999 -9999 -9999 -9999
1798.632 1793.609 1787.92 1781.477 1774.216 1766.119 1757.242 1747.766 1738.058 1728.723 1720.615 1714.745 1712.062 1713.133 1717.911 1725.742 1735.62 1746.518 1757.609 1768.355 1778.463 1787.827 1796.446 1804.385 1811.731 1818.578 1825.011 1831.103 1836.912 1842.473 1847.801 1852.891 1857.714 1862.22 1866.336 1869.969 1873 1875.297 1876.712 1877.097 1876.326 1874.327 1871.127 1866.917 1862.089 1857.243 1853.074 1850.155 1848.718 1848.591 -9999 -9999 -9999 -9999 -9999 -9999 -9999 -9999 -9999 -9999 -9999 -9999 -9999 -9999 -9999 -9999 -9999
1793.014 1786.949 1779.962 1771.891 1762.575 1751.889 1739.78 1726.355 1711.999 1697.523 1684.272 1674.057 1668.749 1669.588 1676.577 1688.448 1703.249 1719.089 1734.591 1748.98 1761.95 1773.485 1783.715 1792.828 1801.021 1808.472 1815.335 1821.731 1827.754 1833.468 1838.907 1844.08 1848.972 1853.543 1857.735 1861.469 1864.65 1867.175 1868.934 1869.826 1869.775 1868.752 1866.806 1864.097 1860.91 1857.644 1854.736 1852.547 -9999 -9999 -9999 -9999 -9999 -9999 -9999 -9999 -9999 -9999 -9999 -9999 -9999 -9999 -9999 -9999 -9999 -9999 -9999
1787.978 1780.935 1772.709 1763.047 1751.67 1738.301 1722.717 1704.854 1685.006 1664.121 1644.113 1627.925 1618.93 1619.551 1629.882 1647.562 1669.061 1691.22 1712.011 1730.508 1746.523 1760.25 1772.029 1782.22 1791.154 1799.11 1806.313 1812.939 1819.12 1824.945 1830.468 1835.713 1840.674 1845.322 1849.608 1853.469 1856.827 1859.601 1861.711 1863.085 1863.68 1863.487 1862.559 1861.021 1859.077 1856.99 1855.045 -9999 -9999 -9999 -9999 -9999 -9999 -9999 -9999 -9999 -9999 -9999 -9999 -9999 -9999 -9999 -9999 -9999 -9999 -9999 -9999
1783.632 1775.726 1766.387 1755.261 1741.936 1725.948 1706.823 1684.204 1658.11 1629.429 1600.602 1576.094 1561.713 1562.042 1577.397 1603.44 1633.987 1664.057 1690.963 1713.855 1732.901 1748.666 1761.791 1772.855 1782.345 1790.644 1798.055 1804.804 1811.06 1816.938 1822.507 1827.802 1832.824 1837.55 1841.94 1845.938 1849.481 1852.503 1854.945 1856.755 1857.906 1858.401 1858.286 1857.655 1856.654 1855.46 1854.262 -9999 -9999 -9999 -9999 -9999 -9999 -9999 -9999 -9999 -9999 -9999 -9999 -9999 -9999 -9999 -9999 -9999 -9999 -9999 -9999
1780.072 1771.472 1761.219 1748.865 1733.862 1715.541 1693.13 1665.852 1633.221 1595.724 1556.038 1520.388 1498.254 1498.038 1520.612 1558.189 1600.319 1639.639 1673.041 1700.182 1721.896 1739.292 1753.386 1765.001 1774.776 1783.199 1790.642 1797.378 1803.608 1809.466 1815.034 1820.351 1825.42 1830.221 1834.715 1838.851 1842.576 1845.834 1848.577 1850.767 1852.388 1853.444 1853.974 1854.049 -9999 -9999 -9999 -9999 -9999 -9999 -9999 -9999 -9999 -9999 -9999 -9999 -9999 -9999 -9999 -9999 -9999 -9999 -9999 -9999 -9999 -9999 -9999
1777.38 1768.3 1757.399 1744.161 1727.922 1707.835 1682.834 1651.683 1613.229 1567.188 1515.907 1467.092 1434.901 1433.675 1465.483 1517.226 1572.394 1621.051 1660.271 1690.759 1714.296 1732.623 1747.128 1758.855 1768.571 1776.849 1784.113 1790.677 1796.764 1802.523 1808.039 1813.349 1818.452 1823.323 1827.92 1832.193 1836.09 1839.565 1842.575 1845.092 1847.103 1848.615 1849.658 1850.285 -9999 -9999 -9999 -9999 -9999 -9999 -9999 -9999 -9999 -9999 -9999 -9999 -9999 -9999 -9999 -9999 -9999 -9999 -9999 -9999 -9999 -9999 -9999
1775.612 1766.297 1755.068 1741.373 1724.49 1703.464 1677.039 1643.637 1601.525 1549.557 1489.27 1428.935 1386.892 1384.324 1425.221 1490.309 1556.527 1611.994 1654.692 1686.68 1710.689 1728.975 1743.191 1754.508 1763.77 1771.596 1778.448 1784.667 1790.49 1796.071 1801.49 1806.771 1811.902 1816.842 1821.543 1825.95 1830.011 1833.682 1836.927 1839.721 1842.056 1843.937 1845.388 1846.452 -9999 -9999 -9999 -9999 -9999 -9999 -9999 -9999 -9999 -9999 -9999 -9999 -9999 -9999 -9999 -9999 -9999 -9999 -9999 -9999 -9999 -9999 -9999
1774.791 1765.498 1754.279 1740.596 1723.737 1702.757 1676.393 1643.008 1600.699 1547.941 1485.649 1421.717 1375.821 1372.735 1418.005 1488.922 1558.835 1615.361 1657.55 1688.439 1711.245 1728.389 1741.556 1751.913 1760.304 1767.357 1773.552 1779.249 1784.693 1790.031 1795.326 1800.576 1805.742 1810.763 1815.576 1820.118 1824.335 1828.185 1831.633 1834.661 1837.262 1839.441 1841.219 -9999 -9999 -9999 -9999 -9999 -9999 -9999 -9999 -9999 -9999 -9999 -9999 -9999 -9999 -9999 -9999 -9999 -9999 -9999 -9999 -9999 -9999 -9999 -9999
1774.907 1765.878 1754.991 1741.762 1725.57 1705.596 1680.772 1649.745 1610.993 1563.413 1508.105 1452.205 1412.876 1411.64 1453.412 1517.923 1580.935 1631.273 1668.477 1695.608 1715.608 1730.586 1741.997 1750.874 1757.985 1763.944 1769.24 1774.249 1779.222 1784.285 1789.462 1794.707 1799.94 1805.071 1810.014 1814.699 1819.067 1823.078 1826.703 1829.926 1832.743 1835.161 1837.199 -9999 -9999 -9999 -9999 -9999 -9999 -9999 -9999 -9999 -9999 -9999 -9999 -9999 -9999 -9999 -9999 -9999 -9999 -9999 -9999 -9999 -9999 -9999 -9999
1775.919 1767.359 1757.069 1744.657 1729.64 1711.415 1689.25 1662.301 1629.788 1591.531 1549.293 1509.192 1483.514 1486.09 1519.259 1568.848 1617.424 1656.397 1685.437 1706.942 1722.987 1735.026 1744.117 1751.062 1756.515 1761.062 1765.221 1769.402 1773.855 1778.665 1783.786 1789.101 1794.468 1799.757 1804.862 1809.702 1814.219 1818.376 1822.151 1825.533 1828.523 1831.13 -9999 -9999 -9999 -9999 -9999 -9999 -9999 -9999 -9999 -9999 -9999 -9999 -9999 -9999 -9999 -9999 -9999 -9999 -9999 -9999 -9999 -9999 -9999 -9999 -9999
1777.763 1769.825 1760.32 1748.96 1735.424 1719.354 1700.385 1678.217 1652.812 1624.826 1596.427 1572.353 1560.036 1566.309 1591.109 1625.656 1659.148 1685.851 1705.822 1720.948 1732.426 1741.042 1747.416 1752.059 1755.489 1758.294 1761.079 1764.328 1768.291 1772.964 1778.179 1783.702 1789.311 1794.831 1800.137 1805.147 1809.809 1814.096 1817.994 1821.501 1824.623 1827.374 -9999 -9999 -9999 -9999 -9999 -9999 -9999 -9999 -9999 -9999 -9999 -9999 -9999 -9999 -9999 -9999 -9999 -9999 -9999 -9999 -9999 -9999 -9999 -9999 -9999
1780.362 1773.144 1764.524 1754.318 1742.354 1728.494 1712.681 1695.036 1676.027 1656.742 1639.263 1626.897 1623.648 1632.25 1651.545 1676.019 1698.838 1715.948 1727.77 1736.412 1742.987 1747.927 1751.365 1753.412 1754.427 1755.091 1756.237 1758.52 1762.159 1766.967 1772.547 1778.495 1784.494 1790.331 1795.879 1801.069 1805.867 1810.261 1814.252 -9999 -9999 -9999 -9999 -9999 -9999 -9999 -9999 -9999 -9999 -9999 -9999 -9999 -9999 -9999 -9999 -9999 -9999 -9999 -9999 -9999 -9999 -9999 -9999 -9999 -9999 -9999 -9999
1783.646 1777.191 1769.48 1760.413 1749.935 1738.067 1724.96 1710.977 1696.809 1683.613 1673.11 1667.485 1668.867 1678.344 1694.909 1715.019 1733.242 1744.97 1750.122 1752.154 1753.625 1754.951 1755.493 1754.725 1752.818 1750.754 1749.93 1751.341 1755.074 1760.518 1766.886 1773.548 1780.104 1786.339 1792.156 1797.52 1802.43 1806.898 1810.944 -9999 -9999 -9999 -9999 -9999 -9999 -9999 -9999 -9999 -9999 -9999 -9999 -9999 -9999 -9999 -9999 -9999 -9999 -9999 -9999 -9999 -9999 -9999 -9999 -9999 -9999 -9999 -9999
1787.551 1781.868 1775.033 1767.01 1757.818 1747.575 1736.529 1725.128 1714.079 1704.4 1697.398 1694.53 1697.125 1706.085 1721.58 1742.027 1761.773 1772.246 1771.423 1766.417 1763.002 1761.393 1759.528 1755.841 1750.248 1744.477 1741.236 1742.159 1746.818 1753.697 1761.401 1769.077 1776.322 1782.99 1789.059 1794.56 1799.536 -9999 -9999 -9999 -9999 -9999 -9999 -9999 -9999 -9999 -9999 -9999 -9999 -9999 -9999 -9999 -9999 -9999 -9999 -9999 -9999 -9999 -9999 -9999 -9999 -9999 -9999 -9999 -9999 -9999 -9999
1792.036 1787.111 1781.093 1773.98 1765.832 1756.801 1747.156 1737.318 1727.888 1719.646 1713.512 1710.461 1711.522 1718.061 1732.314 1756.195 1783.774 1796.748 1789.201 1776.796 1769.706 1766.752 1763.607 1757.14 1746.746 1735.657 1729.49 1730.879 1737.827 1747.115 1756.639 1765.493 1773.427 1780.462 1786.702 1792.256 1797.224 -9999 -9999 -9999 -9999 -9999 -9999 -9999 -9999 -9999 -9999 -9999 -9999 -9999 -9999 -9999 -9999 -9999 -9999 -9999 -9999 -9999 -9999 -9999 -9999 -9999 -9999 -9999 -9999 -9999 -9999
1797.078 1792.902 1787.64 1781.303 1773.964 1765.772 1756.964 1747.877 1738.94 1730.657 1723.552 1718.141 1715.095 1715.992 1725.229 1751.026 1790.901 1809.33 1796.367 1780.431 1773.163 1771.06 1768.172 1759.66 1743.561 1725.33 1716.058 1719.444 1730.016 1742.222 1753.551 1763.371 1771.755 1778.946 1785.185 1790.662 1795.518 -9999 -9999 -9999 -9999 -9999 -9999 -9999 -9999 -9999 -9999 -9999 -9999 -9999 -9999 -9999 -9999 -9999 -9999 -9999 -9999 -9999 -9999 -9999 -9999 -9999 -9999 -9999 -9999 -9999 -9999
1802.685 1799.268 1794.718 1789.048 1782.327 1774.682 1766.3 1757.411 1748.261 1739.065 1729.925 1720.78 1711.493 1702.609 1698.275 1712.917 1757.985 1787.443 1784.285 1777.133 1775.14 1775.312 1773.559 1764.659 1744.488 1719.971 1708.202 1713.728 1727.144 1741.127 1753.248 1763.281 1771.59 1778.579 1784.572 1789.798 1794.419 1798.547 -9999 -9999 -9999 -9999 -9999 -9999 -9999 -9999 -9999 -9999 -9999 -9999 -9999 -9999 -9999 -9999 -9999 -9999 -9999 -9999 -9999 -9999 -9999 -9999 -9999 -9999 -9999 -9999 -9999
1808.896 1806.285 1802.437 1797.361 1791.119 1783.821 1775.608 1766.625 1756.962 1746.577 1735.196 1722.173 1706.395 1686.657 1664.688 1657.544 1695.786 1743.026 1763.643 1772.748 1779.357 1783.242 1783.216 1775.572 1755.677 1730.216 1716.783 1720.71 1732.71 1745.409 1756.408 1765.5 1773.031 1779.381 1784.846 1789.636 1793.895 1797.721 -9999 -9999 -9999 -9999 -9999 -9999 -9999 -9999 -9999 -9999 -9999 -9999 -9999 -9999 -9999 -9999 -9999 -9999 -9999 -9999 -9999 -9999 -9999 -9999 -9999 -9999 -9999 -9999 -9999
1815.807 1814.089 1810.966 1806.447 1800.593 1793.511 1785.335 1776.173 1766.028 1754.707 1741.712 1726.119 1706.53 1681.658 1654.173 1642.281 1671.833 1719.05 1752.416 1774.104 1790.126 1801.042 1805.28 1799.408 1780.982 1757.125 1741.824 1740.118 1746.324 1754.69 1762.724 1769.788 1775.896 1781.212 1785.901 1790.091 -9999 -9999 -9999 -9999 -9999 -9999 -9999 -9999 -9999 -9999 -9999 -9999 -9999 -9999 -9999 -9999 -9999 -9999 -9999 -9999 -9999 -9999 -9999 -9999 -9999 -9999 -9999 -9999 -9999 -9999 -9999
1823.594 1822.89 1820.546 1816.571 1811.031 1804.062 1795.846 1786.533 1776.142 1764.46 1750.976 1734.908 1715.464 1692.941 1672.058 1666.147 1686.687 1722.138 1755.667 1784.277 1809.966 1831.672 1843.556 1838.638 1818.024 1792.307 1773.16 1764.637 1763.821 1766.735 1770.967 1775.44 1779.755 1783.795 1787.547 1791.028 -9999 -9999 -9999 -9999 -9999 -9999 -9999 -9999 -9999 -9999 -9999 -9999 -9999 -9999 -9999 -9999 -9999 -9999 -9999 -9999 -9999 -9999 -9999 -9999 -9999 -9999 -9999 -9999 -9999 -9999 -9999
1832.546 1832.99 1831.499 1828.062 1822.746 1815.747 1807.372 1797.926 1787.556 1776.136 1763.266 1748.471 1731.723 1714.51 1701.354 1699.63 1713.647 1738.999 1768.722 1800.484 1834.6 1867.894 1888.222 1882.293 1855.651 1824.984 1801.28 1787.197 1780.716 1778.914 1779.62 1781.558 1784.058 1786.778 1789.549 1792.284 -9999 -9999 -9999 -9999 -9999 -9999 -9999 -9999 -9999 -9999 -9999 -9999 -9999 -9999 -9999 -9999 -9999 -9999 -9999 -9999 -9999 -9999 -9999 -9999 -9999 -9999 -9999 -9999 -9999 -9999 -9999
1843.074 1844.783 1844.237 1841.334 1836.089 1828.792 1819.986 1810.273 1800.054 1789.351 1777.824 1765.123 1751.548 1738.81 1730.3 1729.972 1739.81 1758.579 1784.043 1815.466 1852.598 1890.451 1913.513 1906.735 1878.053 1846.052 1820.758 1804.019 1794.286 1789.364 1787.458 1787.351 1788.287 1789.816 1791.67 1793.69 -9999 -9999 -9999 -9999 -9999 -9999 -9999 -9999 -9999 -9999 -9999 -9999 -9999 -9999 -9999 -9999 -9999 -9999 -9999 -9999 -9999 -9999 -9999 -9999 -9999 -9999 -9999 -9999 -9999 -9999 -9999
1855.631 1858.699 1859.253 1856.9 1851.476 1843.392 1833.594 1823.193 1813.002 1803.204 1793.342 1782.805 1771.719 1761.583 1754.973 1754.401 1761.181 1775.266 1796.149 1823.57 1856.36 1888.671 1907.507 1902.551 1879.826 1853.073 1830.513 1814.255 1803.627 1797.24 1793.794 1792.297 1792.062 1792.631 1793.708 1795.098 -9999 -9999 -9999 -9999 -9999 -9999 -9999 -9999 -9999 -9999 -9999 -9999 -9999 -9999 -9999 -9999 -9999 -9999 -9999 -9999 -9999 -9999 -9999 -9999 -9999 -9999 -9999 -9999 -9999 -9999 -9999
1870.488 1875.037 1877.024 1875.345 1869.38 1859.701 1847.943 1836.042 1825.422 1816.442 1808.287 1799.649 1790.132 1781.053 1774.712 1773.106 1777.288 1787.481 1803.502 1824.809 1849.521 1872.542 1885.652 1883.407 1868.952 1850.103 1832.653 1818.905 1809.055 1802.487 1798.418 1796.157 1795.164 1795.044 1795.518 1796.39 -9999 -9999 -9999 -9999 -9999 -9999 -9999 -9999 -9999 -9999 -9999 -9999 -9999 -9999 -9999 -9999 -9999 -9999 -9999 -9999 -9999 -9999 -9999 -9999 -9999 -9999 -9999 -9999 -9999 -9999 -9999
1887.331 1893.608 1897.725 1897.102 1890.147 1877.715 1862.613 1848.02 1836.174 1827.629 1820.996 1813.911 1805.3 1796.471 1789.758 1786.951 1788.894 1795.729 1807.154 1822.331 1839.33 1854.513 1863.272 1862.877 1854.679 1842.625 1830.308 1819.706 1811.461 -9999 -9999 -9999 1797.524 1796.966 1797.012 1797.488 -9999 -9999 -9999 -9999 -9999 -9999 -9999 -9999 -9999 -9999 -9999 -9999 -9999 -9999 -9999 -9999 -9999 -9999 -9999 -9999 -9999 -9999 -9999 -9999 -9999 -9999 -9999 -9999 -9999 -9999 -9999
1904.83 1913.12 1920.462 1921.616 1913.245 1896.775 1876.903 1858.422 1844.422 1835.598 1829.94 1824.001 1816.09 1807.503 1800.552 1796.84 1797.019 1801.106 1808.679 1818.843 1829.997 1839.77 1845.613 1846.079 1841.67 1834.296 -9999 -9999 -9999 -9999 -9999 -9999 -9999 -9999 -9999 -9999 -9999 -9999 -9999 -9999 -9999 -9999 -9999 -9999 -9999 -9999 -9999 -9999 -9999 -9999 -9999 -9999 -9999 -9999 -9999 -9999 -9999 -9999 -9999 -9999 -9999 -9999 -9999 -9999 -9999 -9999 -9999
1920.599 1930.52 1941.795 1945.371 1935.438 1914.424 1889.445 1866.868 1850.302 1840.385 1834.715 1829.349 1822.245 1814.378 1807.712 1803.597 1802.561 1804.568 1809.195 1815.653 1822.751 1828.973 1832.856 1833.565 1831.234 -9999 -9999 -9999 -9999 -9999 -9999 -9999 -9999 -9999 -9999 -9999 -9999 -9999 -9999 -9999 -9999 -9999 -9999 -9999 -9999 -9999 -9999 -9999 -9999 -9999 -9999 -9999 -9999 -9999 -9999 -9999 -9999 -9999 -9999 -9999 -9999 -9999 -9999 -9999 -9999 -9999 -9999
1932.176 1941.439 1954.996 1960.306 1949.455 1925.73 1897.887 1873.026 1854.726 1843.413 1836.769 1831.266 1824.901 1818.059 1812.077 1807.983 1806.218 1806.762 1809.27 1813.126 1817.485 1821.37 1823.896 1824.537 1823.281 -9999 -9999 -9999 -9999 -9999 -9999 -9999 -9999 -9999 -9999 -9999 -9999 -9999 -9999 -9999 -9999 -9999 -9999 -9999 -9999 -9999 -9999 -9999 -9999 -9999 -9999 -9999 -9999 -9999 -9999 -9999 -9999 -9999 -9999 -9999 -9999 -9999 -9999 -9999 -9999 -9999 -9999
1938.715 1943.41 1954.649 1959.189 1948.878 1926.503 1900.089 1876.153 1857.91 1845.733 1837.873 1831.765 1825.775 1819.801 1814.542 1810.667 1808.513 1808.084 1809.13 1811.206 1813.725 1816.047 1817.609 1818.056 1817.322 -9999 -9999 -9999 -9999 -9999 -9999 -9999 -9999 -9999 -9999 -9999 -9999 -9999 -9999 -9999 -9999 -9999 -9999 -9999 -9999 -9999 -9999 -9999 -9999 -9999 -9999 -9999 -9999 -9999 -9999 -9999 -9999 -9999 -9999 -9999 -9999 -9999 -9999 -9999 -9999 -9999 -9999
