tethysapp/magdalena_cauca_data_viewer/public/raster/ev.asc
ncols         279
nrows         512
xllcorner     -77.443335897482
yllcorner     1.3064112990023
cellsize      0.020005794964035
NODATA_value  -9999
[rows 330 to 359 of 512, columns 134 to 200 of 279]
1718.158 1684.247 1648.733 1611.911 1574.352 1536.64 1499.215 1462.338 1426.121 1390.591 1355.767 1321.732 1288.715 1257.207 1228.173 1203.362 1185.428 1176.919 1177.909 1185.134 1194.405 1202.97 1209.729 1214.505 1217.474 1218.939 1219.294 1218.955 1218.234 1217.262 1216.062 1214.685 1213.278 1212.087 1211.377 1211.34 1212.032 1213.376 1215.239 1217.495 1220.082 1223.007 1226.331 1230.136 1234.496 1239.422 1244.806 1250.439 1256.096 1261.603 1266.87 1271.877 -9999 -9999 -9999 -9999 -9999 -9999 -9999 -9999 -9999 -9999 -9999 -9999 -9999 -9999 -9999
1743.867 1708.184 1669.361 1628.253 1586.051 1543.781 1502.101 1461.306 1421.429 1382.369 1344.007 1306.306 1269.4 1233.725 1200.26 1171.045 1149.831 1141.312 1146.545 1159.998 1174.851 1187.516 1197.131 1203.899 1208.192 1210.4 1211.058 1210.843 1210.26 1209.405 1208.167 1206.522 1204.658 1202.965 1201.899 1201.76 1202.575 1204.156 1206.243 1208.636 1211.292 1214.309 1217.846 1222.046 1226.99 1232.649 1238.842 1245.281 1251.683 1257.851 1263.686 -9999 -9999 -9999 -9999 -9999 -9999 -9999 -9999 -9999 -9999 -9999 -9999 -9999 -9999 -9999 -9999
1777.003 1739.004 1695.532 1648.595 1600.417 1552.63 1506.092 1461.039 1417.327 1374.643 1332.675 1291.253 1250.469 1210.819 1173.478 1140.912 1117.393 1108.83 1118.222 1137.633 1157.386 1173.429 1185.433 1194.053 1199.679 1202.549 1203.25 1202.886 1202.36 1201.642 1200.336 1198.266 1195.649 1193.136 1191.549 1191.345 1192.43 1194.383 1196.729 1199.165 1201.72 1204.71 1208.497 1213.285 1219.078 1225.71 1232.878 1240.214 1247.4 1254.236 1260.633 -9999 -9999 -9999 -9999 -9999 -9999 -9999 -9999 -9999 -9999 -9999 -9999 -9999 -9999 -9999 -9999
1819.616 1778.14 1727.766 1672.764 1616.96 1562.667 1510.797 1461.344 1413.829 1367.615 1322.123 1277.026 1232.448 1189.187 1149.102 1116.153 1095.47 1088.713 1100.022 1121.882 1143.78 1161.362 1174.776 1185.094 1192.219 1195.757 1196.212 1195.32 1194.725 1194.178 1192.828 1190.204 1186.463 1182.683 1180.448 1180.414 1182.03 1184.507 1187.081 1189.26 1191.269 1193.919 1197.968 1203.646 1210.693 1218.642 1227.001 1235.339 1243.345 1250.85 -9999 -9999 -9999 -9999 -9999 -9999 -9999 -9999 -9999 -9999 -9999 -9999 -9999 -9999 -9999 -9999 -9999
1873.04 1825.666 1765.011 1699.243 1634.237 1572.782 1515.503 1461.877 1410.913 1361.519 1312.753 1264.041 1215.506 1168.438 1126.018 1094.76 1080.471 1079.518 1091.812 1112.919 1134.449 1151.58 1165.2 1177.249 1186.147 1190.266 1190.213 1188.448 1187.493 1187.139 1185.935 1182.828 1177.661 1172.03 1169.198 1170.005 1172.3 1175.226 1177.825 1179.076 1179.59 1181.285 1185.67 1192.792 1201.731 1211.477 1221.305 1230.77 1239.63 -9999 -9999 -9999 -9999 -9999 -9999 -9999 -9999 -9999 -9999 -9999 -9999 -9999 -9999 -9999 -9999 -9999 -9999
1933.818 1876.985 1802.602 1724.184 1649.49 1581.196 1519.188 1462.186 1408.56 1356.69 1305.16 1252.967 1199.933 1147.516 1100.264 1067.167 1055.928 1063.667 1082.862 1106.862 1129.104 1145.547 1158.743 1172.317 1182.504 1186.42 1185.175 1181.996 1180.461 1180.666 1180.056 1176.957 1170.773 1163.106 1159.932 1163.376 1164.713 1167.174 1169.547 1168.662 1165.945 1165.783 1170.969 1180.621 1192.378 1204.472 1216.023 1226.695 -9999 -9999 -9999 -9999 -9999 -9999 -9999 -9999 -9999 -9999 -9999 -9999 -9999 -9999 -9999 -9999 -9999 -9999 -9999
1986.091 1918.474 1830.653 1741.201 1658.888 1585.736 1520.724 1461.818 1406.814 1353.607 1300.278 1245.211 1187.418 1127.442 1069.411 1024.388 1009.748 1030.657 1066.864 1101.052 1127.663 1146.053 1160.155 1173.715 1183.084 1185.364 1181.851 1176.396 1174.382 1175.542 1175.555 1173.201 1167.794 1160.184 1156.385 1169.339 1156.187 1160.21 1162.857 1158.175 1149.766 1146.967 1154.318 1168.116 1183.588 1198.331 1211.623 1223.417 -9999 -9999 -9999 -9999 -9999 -9999 -9999 -9999 -9999 -9999 -9999 -9999 -9999 -9999 -9999 -9999 -9999 -9999 -9999
2002.024 1930.07 1836.994 1743.562 1658.874 1584.587 1519.248 1460.483 1405.807 1352.836 1299.289 1242.979 1181.977 1115.333 1045.576 985.6138 965.0672 998.5941 1052.455 1097.66 1129.46 1151.217 1167.651 1181.077 1188.829 1188.573 1182.437 1175.37 1172.609 1172.447 1171.641 1170.744 1168.137 1162.867 1156.183 1140.115 1143.201 1156.682 1158.861 1149.395 1134.178 1129.031 1139.923 1158.415 1177.313 1194.179 1208.74 1221.301 -9999 -9999 -9999 -9999 -9999 -9999 -9999 -9999 -9999 -9999 -9999 -9999 -9999 -9999 -9999 -9999 -9999 -9999 -9999
1967.215 1901.94 1816.12 1728.508 1648.153 1577.182 1514.56 1458.188 1405.726 1354.828 1303.14 1248.285 1188.001 1120.911 1049.409 987.5217 966.4541 1000.39 1055.52 1101.523 1133.537 1156.421 1175.274 1191.4 1200.171 1196.759 1186.694 1178.121 1172.606 1167.649 1165.243 1167.731 1169.649 1168.163 1165.795 1161.57 1156.589 1160.191 1158.94 1147.145 1129.797 1124.011 1136.065 1155.912 1175.699 1193.07 1207.911 1220.634 -9999 -9999 -9999 -9999 -9999 -9999 -9999 -9999 -9999 -9999 -9999 -9999 -9999 -9999 -9999 -9999 -9999 -9999 -9999
1898.628 1845.477 1774.51 1699.543 1628.639 1564.589 1507.259 1455.262 1406.751 1359.7 1311.987 1261.493 1206.431 1146.386 1085.066 1035.275 1018.068 1039.787 1078.357 1112.415 1137.422 1157.732 1178.455 1200.699 1215.489 1207.388 1189.322 1177.218 1168.657 1159.63 1156.366 1164.932 1172.233 1173.986 1172.962 1170.479 1167.399 1166.469 1163.083 1153.408 1140.813 1136.515 1145.573 1161.911 1179.311 1195.26 -9999 -9999 -9999 -9999 -9999 -9999 -9999 -9999 -9999 -9999 -9999 -9999 -9999 -9999 -9999 -9999 -9999 -9999 -9999 -9999 -9999
1822.477 1780.413 1724.61 1663.841 1604.327 1549.003 1498.512 1452.252 1409.001 1367.201 1325.108 1281.029 1233.866 1184.248 1136.357 1099.312 1083.578 1090.124 1107.216 1123.258 1135.979 1150.106 1170.782 1197.366 1216.881 1207.035 1183.941 1170.748 1162.717 1157.416 1158.185 1168.984 1178.573 1181.2 1179.655 1176.96 1174.547 1172.595 1169.408 1163.55 1157.007 1155.216 1161.252 1172.892 1186.534 -9999 -9999 -9999 -9999 -9999 -9999 -9999 -9999 -9999 -9999 -9999 -9999 -9999 -9999 -9999 -9999 -9999 -9999 -9999 -9999 -9999 -9999
1753.919 1720.062 1676.358 1627.989 1579.281 1532.812 1489.63 1449.749 1412.535 1376.893 1341.394 1304.569 1265.582 1225.302 1187.205 1156.856 1138.694 1131.747 1129.717 1126.821 1123.716 1128.22 1147.272 1174.874 1193.595 1190.58 1174.386 1164.86 1164.753 1165.01 1171.05 1183.332 1190.631 1190.603 1186.764 1182.557 1179.499 1177.476 1175.54 1173.038 1170.876 1171.377 1176.132 -9999 -9999 -9999 -9999 -9999 -9999 -9999 -9999 -9999 -9999 -9999 -9999 -9999 -9999 -9999 -9999 -9999 -9999 -9999 -9999 -9999 -9999 -9999 -9999
1697.526 1669.502 1634.632 1595.953 1556.343 1517.862 1481.679 1448.227 1417.363 1388.38 1359.976 1330.464 1298.566 1264.652 1231.338 1202.278 1179.472 1161.334 1143.574 1122.503 1100.638 1092.04 1111.335 1146.177 1171.56 1178.812 1173.811 1170.677 1171.859 1179.569 1195.814 1209.291 1204.432 1198.963 1191.244 1184.747 1181.121 1179.841 1179.753 1180.066 1180.945 1183.315 -9999 -9999 -9999 -9999 -9999 -9999 -9999 -9999 -9999 -9999 -9999 -9999 -9999 -9999 -9999 -9999 -9999 -9999 -9999 -9999 -9999 -9999 -9999 -9999 -9999
1652.992 1629.225 1600.718 1569.315 1536.944 1505.219 1475.305 1447.937 1423.403 1401.36 1380.464 1358.254 1332.166 1301.611 1268.958 1237.803 1209.886 1183.343 1154.259 1119.45 1082.083 1061.992 1082.816 1126.138 1159.109 1174.087 1177.075 1177.166 1181.614 1194.948 1217.378 1234.479 1212.614 1200.542 1188.869 1180.802 1177.647 1178.548 1181.251 1184.414 1187.808 -9999 -9999 -9999 -9999 -9999 -9999 -9999 -9999 -9999 -9999 -9999 -9999 -9999 -9999 -9999 -9999 -9999 -9999 -9999 -9999 -9999 -9999 -9999 -9999 -9999 -9999
1618.556 1598.027 1574.189 1548.226 1521.484 1495.26 1470.711 1448.82 1430.329 1415.376 1402.578 1388.116 1366.988 1337.256 1302.194 1267.077 1234.751 1203.141 1168.624 1129.717 1090.85 1070.699 1088.004 1126.015 1157.17 1174.131 1181.205 1184.933 1190.734 1201.414 1215.272 1221.329 1207.145 1188.169 1178.175 1167.943 1167.529 1173.339 1180.302 1186.718 1192.503 -9999 -9999 -9999 -9999 -9999 -9999 -9999 -9999 -9999 -9999 -9999 -9999 -9999 -9999 -9999 -9999 -9999 -9999 -9999 -9999 -9999 -9999 -9999 -9999 -9999 -9999
1592.33 1574.351 1554.037 1532.182 1509.765 1487.893 1467.728 1450.475 1437.365 1429.249 1425.055 1419.197 1402.602 1371.587 1332.194 1292.703 1257.003 1222.829 1187.95 1153.424 1123.523 1109.405 1119.077 1142.693 1164.567 1178.603 1186.291 1191.203 1196.237 1202.343 1207.533 1206.75 1196.793 1181.649 1158.494 1141.566 1151.602 1166.182 1178.499 1188.239 -9999 -9999 -9999 -9999 -9999 -9999 -9999 -9999 -9999 -9999 -9999 -9999 -9999 -9999 -9999 -9999 -9999 -9999 -9999 -9999 -9999 -9999 -9999 -9999 -9999 -9999 -9999
1572.678 1556.749 1539.165 1520.443 1501.308 1482.752 1465.954 1452.247 1443.233 1440.571 1444.043 1446.625 1433.843 1400.316 1356.686 1313.788 1275.26 1239.616 1207.362 1180.529 1160.169 1150.369 1153.483 1164.813 1176.964 1186.115 1192.276 1196.687 1200.265 1203.013 1203.603 1199.81 1190.669 1178.294 1137.382 1115.216 1140.528 1162.406 1178.53 -9999 -9999 -9999 -9999 -9999 -9999 -9999 -9999 -9999 -9999 -9999 -9999 -9999 -9999 -9999 -9999 -9999 -9999 -9999 -9999 -9999 -9999 -9999 -9999 -9999 -9999 -9999 -9999
1558.271 1543.977 1528.511 1512.181 1495.49 1479.361 1464.954 1453.524 1446.672 1446.388 1453.191 1459.776 1448.796 1414.86 1370.93 1327.675 1288.052 1252.035 1223.313 1204.481 1191.139 1183.526 1182.402 1185.809 1190.532 1194.848 1198.804 1202.226 1204.533 1205.241 1203.524 1198.16 1188.031 1171.463 1143.057 1131.075 1147.485 1166.774 -9999 -9999 -9999 -9999 -9999 -9999 -9999 -9999 -9999 -9999 -9999 -9999 -9999 -9999 -9999 -9999 -9999 -9999 -9999 -9999 -9999 -9999 -9999 -9999 -9999 -9999 -9999 -9999 -9999
1548.07 1535.007 1521.101 1506.53 1491.648 1477.293 1464.488 1454.174 1447.492 1445.947 1449.766 1452.628 1441.411 1412.212 1373.94 1334.916 1298.234 1264.938 1240.491 1226.345 1216.381 1209.357 1205.56 1204.185 1203.847 1204.216 1206.075 1208.507 1209.853 1209.401 1206.65 1200.912 1191.455 1177.962 1163.378 1157.899 1165.241 1177.9 -9999 -9999 -9999 -9999 -9999 -9999 -9999 -9999 -9999 -9999 -9999 -9999 -9999 -9999 -9999 -9999 -9999 -9999 -9999 -9999 -9999 -9999 -9999 -9999 -9999 -9999 -9999 -9999 -9999
1541.332 1529.127 1516.26 1502.889 1489.348 1476.352 1464.673 1454.763 1447.078 1442.513 1440.704 1437.161 1424.85 1401.254 1370.464 1338.003 1307.53 1281.077 1260.9 1247.37 1237.511 1229.931 1224.368 1220.299 1217.1 1215.021 1214.993 1216.094 1216.512 1215.393 1212.342 1207.091 1199.62 1190.672 1182.823 1180.025 -9999 -9999 -9999 -9999 -9999 -9999 -9999 -9999 -9999 -9999 -9999 -9999 -9999 -9999 -9999 -9999 -9999 -9999 -9999 -9999 -9999 -9999 -9999 -9999 -9999 -9999 -9999 -9999 -9999 -9999 -9999
1537.59 1525.984 1513.799 1501.208 1488.595 1476.631 1465.92 1456.363 1447.541 1440.574 1434.391 1425.763 1411.825 1391.348 1365.926 1338.779 1313.86 1294.005 1278.032 1265.066 1254.648 1246.37 1239.778 1234.379 1229.913 1226.678 1225.139 1224.731 1224.23 1222.726 1219.712 1215.208 1209.634 1203.833 1199.328 1197.834 -9999 -9999 -9999 -9999 -9999 -9999 -9999 -9999 -9999 -9999 -9999 -9999 -9999 -9999 -9999 -9999 -9999 -9999 -9999 -9999 -9999 -9999 -9999 -9999 -9999 -9999 -9999 -9999 -9999 -9999 -9999
1536.563 1525.44 1513.758 1501.66 1489.553 1478.224 1468.539 1460.318 1451.51 1442.717 1432.95 1420.493 1404.849 1385.648 1363.48 1339.998 1318.848 1303.751 1290.826 1278.248 1267.531 1259.092 1252.138 1246.172 1241.161 1237.332 1234.834 1233.328 1232.103 1230.375 1227.587 1223.888 1219.807 1215.993 1213.293 -9999 -9999 -9999 -9999 -9999 -9999 -9999 -9999 -9999 -9999 -9999 -9999 -9999 -9999 -9999 -9999 -9999 -9999 -9999 -9999 -9999 -9999 -9999 -9999 -9999 -9999 -9999 -9999 -9999 -9999 -9999 -9999
1538.063 1527.413 1516.189 1504.386 1492.333 1480.999 1471.944 1466.016 1459.631 1448.189 1434.432 1419.052 1402.124 1383.65 1364.033 1344.419 1327.205 1314.018 1301.421 1287.925 1276.902 1268.713 1261.633 1255.337 1250.047 1245.941 1243.002 1240.947 1239.293 1237.48 1235.122 1232.312 1229.436 1226.941 1225.32 -9999 -9999 -9999 -9999 -9999 -9999 -9999 -9999 -9999 -9999 -9999 -9999 -9999 -9999 -9999 -9999 -9999 -9999 -9999 -9999 -9999 -9999 -9999 -9999 -9999 -9999 -9999 -9999 -9999 -9999 -9999 -9999
1541.907 1531.807 1521.135 1509.579 1497.178 1484.956 1474.999 1468.724 1462.496 1450.825 1435.536 1418.833 1401.462 1383.788 1366.38 1350.251 1336.524 1324.804 1312.177 1297.724 1285.678 1276.45 1268.379 1261.482 1256.014 1251.967 1249.115 1247.099 1245.502 1243.932 1242.159 1240.215 1238.319 1236.765 -9999 -9999 -9999 -9999 -9999 -9999 -9999 -9999 -9999 -9999 -9999 -9999 -9999 -9999 -9999 -9999 -9999 -9999 -9999 -9999 -9999 -9999 -9999 -9999 -9999 -9999 -9999 -9999 -9999 -9999 -9999 -9999 -9999
1547.844 1538.38 1528.5 1517.376 1504.45 1490.657 1478.399 1469.265 1460.973 1449.618 1434.915 1418.485 1401.509 1384.752 1369.058 1355.518 1344.898 1336.078 1325.357 1310.638 1295.388 1282.287 1271.731 1263.823 1258.365 1254.872 1252.753 1251.449 1250.507 1249.606 1248.593 1247.485 1246.42 1245.601 -9999 -9999 -9999 -9999 -9999 -9999 -9999 -9999 -9999 -9999 -9999 -9999 -9999 -9999 -9999 -9999 -9999 -9999 -9999 -9999 -9999 -9999 -9999 -9999 -9999 -9999 -9999 -9999 -9999 -9999 -9999 -9999 -9999
1555.477 1546.505 1537.588 1527.194 1513.779 1498.208 1483.351 1471.011 1460.038 1447.959 1433.795 1418.124 1401.878 1385.947 1371.39 1359.618 1351.911 1347.301 1339.733 1323.23 1302.155 1283.491 1269.764 1260.949 1256.112 1254.019 1253.513 1253.718 1254.073 1254.284 1254.256 1254.034 1253.748 -9999 -9999 -9999 -9999 -9999 -9999 -9999 -9999 -9999 -9999 -9999 -9999 -9999 -9999 -9999 -9999 -9999 -9999 -9999 -9999 -9999 -9999 -9999 -9999 -9999 -9999 -9999 -9999 -9999 -9999 -9999 -9999 -9999 -9999
1564.402 1555.098 1546.595 1536.791 1522.961 1505.956 1489.081 1474.237 1460.944 1447.697 1433.524 1418.381 1402.741 1387.322 1373.183 1361.956 1355.635 1354.17 1349.08 1328.579 1300.219 1276.045 1259.716 1250.99 1248.108 1248.808 1251.131 1253.788 1256.118 1257.883 1259.085 1259.85 1260.354 -9999 -9999 -9999 -9999 -9999 -9999 -9999 -9999 -9999 -9999 -9999 -9999 -9999 -9999 -9999 -9999 -9999 -9999 -9999 -9999 -9999 -9999 -9999 -9999 -9999 -9999 -9999 -9999 -9999 -9999 -9999 -9999 -9999 -9999
1574.783 1563.499 1553.59 1543.241 1529.129 1511.738 1494.059 1477.865 1463.112 1448.931 1434.557 1419.69 1404.419 1389.138 1374.624 1362.236 1353.811 1349.687 1341.836 1316.488 1283.459 1256.184 1238.909 1232.225 1233.561 1239.094 1245.769 1251.899 1256.846 1260.546 1263.185 1265.029 1266.346 -9999 -9999 -9999 -9999 -9999 -9999 -9999 -9999 -9999 -9999 -9999 -9999 -9999 -9999 -9999 -9999 -9999 -9999 -9999 -9999 -9999 -9999 -9999 -9999 -9999 -9999 -9999 -9999 -9999 -9999 -9999 -9999 -9999 -9999
1587.936 1573.097 1559.578 1546.929 1532.255 1515.233 1497.756 1481.225 1465.874 1451.265 1436.853 1422.248 1407.26 1391.904 1376.46 1361.544 1347.795 1334.183 1314.517 1283.588 1251.253 1223.502 1206.642 1204.561 1213.174 1225.926 1238.428 1248.84 1256.82 1262.659 1266.823 1269.77 1271.89 -9999 -9999 -9999 -9999 -9999 -9999 -9999 -9999 -9999 -9999 -9999 -9999 -9999 -9999 -9999 -9999 -9999 -9999 -9999 -9999 -9999 -9999 -9999 -9999 -9999 -9999 -9999 -9999 -9999 -9999 -9999 -9999 -9999 -9999
1605.069 1586.066 1567.637 1551.153 1534.824 1517.758 1500.634 1484.269 1468.922 1454.396 1440.295 1426.186 1411.654 1396.328 1379.937 1362.292 1342.895 1319.783 1288.969 1251.622 1216.969 1185.749 1168.082 1172.692 1191.076 1212.438 1231.258 1246.014 1256.943 1264.805 1270.386 1274.343 -9999 -9999 -9999 -9999 -9999 -9999 -9999 -9999 -9999 -9999 -9999 -9999 -9999 -9999 -9999 -9999 -9999 -9999 -9999 -9999 -9999 -9999 -9999 -9999 -9999 -9999 -9999 -9999 -9999 -9999 -9999 -9999 -9999 -9999 -9999
