tethysapp/magdalena_cauca_data_viewer/public/raster/ev.asc
ncols         279
nrows         512
xllcorner     -77.443335897482
yllcorner     1.3064112990023
cellsize      0.020005794964035
NODATA_value  -9999
[rows 270 to 299 of 512, columns 201 to 267 of 279]
1377.282 1374.513 1371.295 1367.626 1363.523 1359.037 1354.266 1349.364 1344.553 1340.117 1336.375 1333.626 1332.08 1331.797 1332.681 1334.529 1337.099 1340.177 1343.601 1347.257 1351.063 1354.951 1358.861 1362.733 1366.507 1370.126 1373.534 1376.68 1379.514 1381.986 1384.046 1385.638 1386.705 1387.18 1386.99 1386.05 1384.269 1381.537 1377.731 1372.708 1366.323 1358.455 1349.09 1338.448 1327.154 1316.356 1307.579 1302.2 1300.757 1302.699 -9999 -9999 -9999 -9999 -9999 -9999 -9999 -9999 -9999 -9999 -9999 -9999 -9999 -9999 -9999 -9999 -9999
1370.275 1366.63 1362.353 1357.395 1351.723 1345.335 1338.28 1330.699 1322.861 1315.208 1308.356 1303.031 1299.896 1299.334 1301.287 1305.284 1310.649 1316.731 1323.053 1329.333 1335.427 1341.274 1346.84 1352.101 1357.032 1361.607 1365.8 1369.586 1372.94 1375.837 1378.252 1380.154 1381.509 1382.272 1382.391 1381.8 1380.427 1378.186 1374.982 1370.721 1365.32 1358.741 1351.05 1342.501 1333.623 1325.25 1318.396 1313.932 1312.235 1313.039 -9999 -9999 -9999 -9999 -9999 -9999 -9999 -9999 -9999 -9999 -9999 -9999 -9999 -9999 -9999 -9999 -9999
1363.861 1359.364 1354.041 1347.793 1340.521 1332.144 1322.64 1312.095 1300.8 1289.351 1278.726 1270.225 1265.17 1264.404 1267.878 1274.671 1283.448 1292.995 1302.505 1311.57 1320.047 1327.916 1335.195 1341.9 1348.041 1353.622 1358.643 1363.102 1367 1370.335 1373.107 1375.311 1376.938 1377.969 1378.374 1378.114 1377.135 1375.378 1372.778 1369.279 1364.846 1359.492 1353.322 1346.577 1339.679 1333.22 1327.867 1324.183 -9999 -9999 -9999 -9999 -9999 -9999 -9999 -9999 -9999 -9999 -9999 -9999 -9999 -9999 -9999 -9999 -9999 -9999 -9999
1358.117 1352.819 1346.504 1339.012 1330.162 1319.774 1307.702 1293.917 1278.651 1262.602 1247.155 1234.415 1226.762 1225.842 1231.606 1242.301 1255.496 1269.188 1282.244 1294.251 1305.176 1315.107 1324.138 1332.331 1339.726 1346.351 1352.232 1357.388 1361.841 1365.611 1368.721 1371.193 1373.049 1374.3 1374.945 1374.968 1374.342 1373.028 1370.991 1368.202 1364.656 1360.395 1355.531 1350.274 1344.947 1339.966 1335.779 -9999 -9999 -9999 -9999 -9999 -9999 -9999 -9999 -9999 -9999 -9999 -9999 -9999 -9999 -9999 -9999 -9999 -9999 -9999 -9999
1353.117 1347.1 1339.89 1331.26 1320.941 1308.62 1293.982 1276.792 1257.088 1235.521 1213.839 1195.227 1183.803 1182.733 1191.999 1208.281 1227.258 1245.844 1262.718 1277.705 1291.06 1303.055 1313.864 1323.583 1332.271 1339.975 1346.743 1352.614 1357.626 1361.815 1365.225 1367.906 1369.916 1371.305 1372.109 1372.342 1371.999 1371.064 1369.519 1367.354 1364.583 1361.255 1357.475 1353.417 1349.321 1345.481 1342.201 -9999 -9999 -9999 -9999 -9999 -9999 -9999 -9999 -9999 -9999 -9999 -9999 -9999 -9999 -9999 -9999 -9999 -9999 -9999 -9999
1348.927 1342.305 1334.341 1324.752 1313.172 1299.152 1282.166 1261.688 1237.388 1209.612 1180.23 1153.651 1136.688 1135.343 1149.816 1173.883 1200.059 1223.967 1244.529 1262.255 1277.893 1291.919 1304.538 1315.83 1325.852 1334.667 1342.347 1348.953 1354.529 1359.116 1362.767 1365.565 1367.616 1369.025 1369.876 1370.217 1370.066 1369.424 1368.283 1366.643 1364.521 1361.968 1359.071 1355.966 -9999 -9999 -9999 -9999 -9999 -9999 -9999 -9999 -9999 -9999 -9999 -9999 -9999 -9999 -9999 -9999 -9999 -9999 -9999 -9999 -9999 -9999 -9999
1345.599 1338.508 1329.977 1319.673 1307.159 1291.859 1273.045 1249.867 1221.512 1187.729 1150.053 1113.835 1089.376 1087.407 1108.845 1142.597 1176.446 1204.97 1228.248 1248.055 1265.727 1281.788 1296.301 1309.24 1320.635 1330.583 1339.196 1346.559 1352.717 1357.684 1361.504 1364.29 1366.222 1367.487 1368.238 1368.562 1368.499 1368.055 1367.224 1366.005 1364.414 1362.49 1360.302 1357.955 -9999 -9999 -9999 -9999 -9999 -9999 -9999 -9999 -9999 -9999 -9999 -9999 -9999 -9999 -9999 -9999 -9999 -9999 -9999 -9999 -9999 -9999 -9999
1343.162 1335.757 1326.87 1316.151 1303.122 1287.136 1267.332 1242.617 1211.76 1173.858 1129.732 1084.915 1052.768 1049.766 1078.246 1120.821 1159.887 1190.096 1213.923 1234.824 1254.403 1272.703 1289.316 1304.002 1316.787 1327.846 1337.38 1345.523 1352.296 1357.643 1361.549 1364.154 1365.752 1366.668 1367.147 1367.322 1367.24 1366.901 1366.292 1365.401 1364.233 1362.814 1361.194 1359.447 -9999 -9999 -9999 -9999 -9999 -9999 -9999 -9999 -9999 -9999 -9999 -9999 -9999 -9999 -9999 -9999 -9999 -9999 -9999 -9999 -9999 -9999 -9999
1341.622 1334.052 1325.031 1314.216 1301.139 1285.158 1265.407 1240.753 1209.847 1171.517 1126.116 1078.784 1043.697 1040.114 1071.263 1115.686 1152.857 1179.157 1200.43 1221.692 1243.664 1264.831 1283.886 1300.389 1314.48 1326.528 1336.893 1345.793 1353.219 1358.967 1362.871 1365.088 1366.102 1366.447 1366.491 1366.399 1366.21 1365.903 1365.443 1364.801 1363.967 1362.951 1361.784 -9999 -9999 -9999 -9999 -9999 -9999 -9999 -9999 -9999 -9999 -9999 -9999 -9999 -9999 -9999 -9999 -9999 -9999 -9999 -9999 -9999 -9999 -9999 -9999
1340.952 1333.352 1324.396 1313.78 1301.095 1285.785 1267.115 1244.144 1215.799 1181.25 1141.095 1100.079 1070.358 1067.66 1093.583 1128.527 1154.184 1169.858 1185.695 1207.875 1233.838 1258.881 1280.644 1298.814 1313.915 1326.639 1337.578 1347.081 1355.118 1361.265 1365.083 1366.717 1366.933 1366.553 1366.067 1365.651 1365.311 1364.993 1364.633 1364.183 1363.614 1362.921 1362.118 -9999 -9999 -9999 -9999 -9999 -9999 -9999 -9999 -9999 -9999 -9999 -9999 -9999 -9999 -9999 -9999 -9999 -9999 -9999 -9999 -9999 -9999 -9999 -9999
1341.102 1333.57 1324.831 1314.646 1302.696 1288.568 1271.745 1251.63 1227.657 1199.666 1168.808 1139.218 1119.258 1117.796 1133.679 1152.556 1160.993 1161.357 1170.267 1195.44 1227.335 1256.646 1280.655 1299.827 1315.31 1328.158 1339.177 1348.86 1357.207 1363.586 1367.22 1368.211 1367.627 1366.566 1365.605 1364.906 1364.435 1364.104 1363.824 1363.528 1363.175 1362.745 -9999 -9999 -9999 -9999 -9999 -9999 -9999 -9999 -9999 -9999 -9999 -9999 -9999 -9999 -9999 -9999 -9999 -9999 -9999 -9999 -9999 -9999 -9999 -9999 -9999
1341.993 1334.58 1326.153 1316.54 1305.528 1292.858 1278.252 1261.462 1242.41 1221.485 1200.088 1181.306 1169.787 1168.989 1176.242 1181.788 1176.06 1162.818 1165.314 1193.547 1229.649 1260.811 1285.096 1303.91 1318.849 1331.109 1341.53 1350.665 1358.603 1364.691 1367.988 1368.528 1367.488 1366.064 1364.856 1364.016 1363.491 1363.18 1362.984 1362.827 1362.657 1362.446 -9999 -9999 -9999 -9999 -9999 -9999 -9999 -9999 -9999 -9999 -9999 -9999 -9999 -9999 -9999 -9999 -9999 -9999 -9999 -9999 -9999 -9999 -9999 -9999 -9999
1343.529 1336.238 1328.149 1319.156 1309.136 1297.968 1285.564 1271.938 1257.324 1242.359 1228.321 1217.225 1211.297 1211.374 1214.848 1215.386 1206.368 1190.75 1190.053 1214.164 1245.693 1272.97 1294.367 1311.114 1324.569 1335.636 1344.853 1352.634 1359.194 1364.177 1366.864 1367.233 1366.227 1364.867 1363.707 1362.905 1362.429 1362.191 1362.097 -9999 -9999 -9999 -9999 -9999 -9999 -9999 -9999 -9999 -9999 -9999 -9999 -9999 -9999 -9999 -9999 -9999 -9999 -9999 -9999 -9999 -9999 -9999 -9999 -9999 -9999 -9999 -9999
1345.6 1338.389 1330.606 1322.198 1313.108 1303.308 1292.831 1281.833 1270.67 1260 1250.84 1244.466 1242.007 1243.675 1247.997 1251.589 1250.219 1243.624 1242.132 1253.824 1272.578 1291.332 1307.405 1320.789 1332.226 1341.979 1349.813 1355.704 1360.068 1363.164 1364.805 1364.976 1364.2 1363.142 1362.222 1361.592 1361.249 1361.13 1361.16 -9999 -9999 -9999 -9999 -9999 -9999 -9999 -9999 -9999 -9999 -9999 -9999 -9999 -9999 -9999 -9999 -9999 -9999 -9999 -9999 -9999 -9999 -9999 -9999 -9999 -9999 -9999 -9999
1348.084 1340.874 1333.326 1325.412 1317.118 1308.458 1299.517 1290.486 1281.72 1273.777 1267.425 1263.552 1262.988 1266.306 1273.684 1284.473 1295.516 1299.906 1295.946 1294.528 1301.176 1311.852 1322.233 1331.678 1341.184 1350.349 1357.327 1361.124 1362.628 1363.145 1363.186 1362.771 1362.027 1361.221 1360.565 1360.154 1359.986 -9999 -9999 -9999 -9999 -9999 -9999 -9999 -9999 -9999 -9999 -9999 -9999 -9999 -9999 -9999 -9999 -9999 -9999 -9999 -9999 -9999 -9999 -9999 -9999 -9999 -9999 -9999 -9999 -9999 -9999
1350.846 1343.54 1336.129 1328.597 1320.937 1313.17 1305.372 1297.701 1290.431 1283.968 1278.848 1275.729 1275.409 1279.039 1288.575 1306.416 1329.988 1342.349 1333.42 1323.519 1324.787 1331.748 1337.309 1342.172 1350.277 1360.765 1368.229 1369.636 1367.334 1364.548 1362.489 1361.083 1360.073 1359.345 1358.882 1358.672 1358.686 -9999 -9999 -9999 -9999 -9999 -9999 -9999 -9999 -9999 -9999 -9999 -9999 -9999 -9999 -9999 -9999 -9999 -9999 -9999 -9999 -9999 -9999 -9999 -9999 -9999 -9999 -9999 -9999 -9999 -9999
1353.74 1346.231 1338.86 1331.598 1324.423 1317.333 1310.359 1303.583 1297.149 1291.273 1286.237 1282.411 1280.382 1281.451 1288.921 1309.226 1342.549 1359.71 1347.744 1337.359 1341.027 1349.787 1351.437 1350.271 1357.531 1372.179 1381.835 1379.929 1372.73 1366.317 1362.137 1359.693 1358.312 1357.565 1357.233 1357.197 1357.382 -9999 -9999 -9999 -9999 -9999 -9999 -9999 -9999 -9999 -9999 -9999 -9999 -9999 -9999 -9999 -9999 -9999 -9999 -9999 -9999 -9999 -9999 -9999 -9999 -9999 -9999 -9999 -9999 -9999 -9999
1356.597 1348.79 1341.37 1334.287 1327.487 1320.924 1314.564 1308.391 1302.403 1296.598 1290.952 1285.392 1279.862 1274.784 1273.016 1284.64 1318.519 1341.836 1339.745 1337.792 1346.581 1358.992 1359.031 1353.017 1359.702 1378.757 1390.884 1385.917 1375.057 1366.411 1361.057 1358.066 1356.513 1355.805 1355.611 1355.745 1356.099 1356.6 -9999 -9999 -9999 -9999 -9999 -9999 -9999 -9999 -9999 -9999 -9999 -9999 -9999 -9999 -9999 -9999 -9999 -9999 -9999 -9999 -9999 -9999 -9999 -9999 -9999 -9999 -9999 -9999 -9999
1359.229 1351.044 1343.51 1336.548 1330.062 1323.952 1318.114 1312.432 1306.763 1300.904 1294.518 1287.044 1277.571 1265.011 1250.28 1245.794 1273.425 1306.925 1321.602 1329.351 1339.272 1349.658 1350.778 1346.772 1353.148 1370.856 1383.164 1379.984 1370.871 1363.287 1358.481 1355.797 1354.473 1353.978 1353.99 1354.318 1354.847 1355.504 -9999 -9999 -9999 -9999 -9999 -9999 -9999 -9999 -9999 -9999 -9999 -9999 -9999 -9999 -9999 -9999 -9999 -9999 -9999 -9999 -9999 -9999 -9999 -9999 -9999 -9999 -9999 -9999 -9999
1361.42 1352.799 1345.115 1338.253 1332.074 1326.422 1321.12 1315.971 1310.721 1305.021 1298.337 1289.815 1278.162 1261.947 1242.62 1234.191 1255.56 1287.171 1307.505 1318.757 1326.071 1330.444 1330.655 1330.773 1337.919 1351.739 1362.862 1364.771 1361.333 1357.347 1354.495 1352.867 1352.157 1352.064 1352.368 1352.924 -9999 -9999 -9999 -9999 -9999 -9999 -9999 -9999 -9999 -9999 -9999 -9999 -9999 -9999 -9999 -9999 -9999 -9999 -9999 -9999 -9999 -9999 -9999 -9999 -9999 -9999 -9999 -9999 -9999 -9999 -9999
1362.92 1353.828 1345.981 1339.238 1333.415 1328.295 1323.637 1319.172 1314.583 1309.459 1303.231 1295.091 1284.061 1269.768 1255.306 1250.893 1264.311 1285.286 1301.631 1310.967 1314.22 1311.958 1307.424 1309.188 1319.162 1332.325 1343.401 1349.188 1350.715 1350.436 1349.879 1349.602 1349.703 1350.123 1350.777 1351.587 -9999 -9999 -9999 -9999 -9999 -9999 -9999 -9999 -9999 -9999 -9999 -9999 -9999 -9999 -9999 -9999 -9999 -9999 -9999 -9999 -9999 -9999 -9999 -9999 -9999 -9999 -9999 -9999 -9999 -9999 -9999
1363.455 1353.864 1345.854 1339.278 1333.915 1329.477 1325.645 1322.085 1318.442 1314.315 1309.219 1302.581 1293.941 1283.752 1274.911 1272.732 1279.667 1291.277 1301.547 1307.398 1307.51 1300.447 1285.746 1288.944 1305.111 1319.116 1330.274 1337.773 1342.019 1344.237 1345.502 1346.439 1347.328 1348.269 1349.278 1350.342 -9999 -9999 -9999 -9999 -9999 -9999 -9999 -9999 -9999 -9999 -9999 -9999 -9999 -9999 -9999 -9999 -9999 -9999 -9999 -9999 -9999 -9999 -9999 -9999 -9999 -9999 -9999 -9999 -9999 -9999 -9999
1362.738 1352.585 1344.385 1338.043 1333.309 1329.796 1327.065 1324.686 1322.258 1319.394 1315.722 1310.924 1304.853 1298.032 1292.326 1290.339 1293.052 1298.65 1304.191 1307.43 1307.244 1304.09 1294.97 1290.713 1303.416 1314.093 1323.596 1330.956 1336.096 1339.54 1341.92 1343.72 1345.233 1346.614 1347.937 1349.229 -9999 -9999 -9999 -9999 -9999 -9999 -9999 -9999 -9999 -9999 -9999 -9999 -9999 -9999 -9999 -9999 -9999 -9999 -9999 -9999 -9999 -9999 -9999 -9999 -9999 -9999 -9999 -9999 -9999 -9999 -9999
1360.514 1349.601 1341.079 1335.029 1331.185 1328.988 1327.777 1326.953 1326.004 1324.462 1321.993 1318.574 1314.369 1309.649 1305.364 1302.963 1303.141 1305.221 1307.758 1309.483 1310.142 1312.16 1321.361 1313.27 1309.67 1314.746 1321.512 1327.693 1332.65 1336.432 1339.321 1341.615 1343.54 1345.241 1346.806 1348.282 -9999 -9999 -9999 -9999 -9999 -9999 -9999 -9999 -9999 -9999 -9999 -9999 -9999 -9999 -9999 -9999 -9999 -9999 -9999 -9999 -9999 -9999 -9999 -9999 -9999 -9999 -9999 -9999 -9999 -9999 -9999
1356.651 1344.447 1335.218 1329.452 1326.898 1326.652 1327.623 1328.916 1329.825 1329.575 1327.457 1324.017 1320.76 1317.6 1314.299 1311.706 1310.535 1310.668 1311.431 1312.163 1312.756 1313.86 1315.21 1314.295 1314.149 1317.172 1321.844 1326.694 1331.029 1334.662 1337.656 1340.153 1342.294 1344.19 1345.917 1347.523 -9999 -9999 -9999 -9999 -9999 -9999 -9999 -9999 -9999 -9999 -9999 -9999 -9999 -9999 -9999 -9999 -9999 -9999 -9999 -9999 -9999 -9999 -9999 -9999 -9999 -9999 -9999 -9999 -9999 -9999 -9999
1351.28 1336.65 1325.845 1320.205 1319.549 1322.256 1326.384 1330.595 1334.066 1335.552 1332.407 1325.218 1322.502 1321.878 1319.994 1317.687 1315.981 1315.136 1314.908 1314.956 1315.133 1315.485 1315.888 1316.228 1317.285 1319.714 1323.163 1326.955 1330.605 -9999 -9999 -9999 1341.478 1343.462 1345.275 1346.959 -9999 -9999 -9999 -9999 -9999 -9999 -9999 -9999 -9999 -9999 -9999 -9999 -9999 -9999 -9999 -9999 -9999 -9999 -9999 -9999 -9999 -9999 -9999 -9999 -9999 -9999 -9999 -9999 -9999 -9999 -9999
1345.059 1326.141 1312.241 1306.311 1308.399 1315.429 1323.853 1331.757 1338.67 1344.054 1342.594 1319.689 1320.675 1324.306 1323.767 1321.874 1320.067 1318.811 1318.089 1317.737 1317.634 1317.748 1318.087 1318.763 1320.047 1322.115 -9999 -9999 -9999 -9999 -9999 -9999 -9999 -9999 -9999 -9999 -9999 -9999 -9999 -9999 -9999 -9999 -9999 -9999 -9999 -9999 -9999 -9999 -9999 -9999 -9999 -9999 -9999 -9999 -9999 -9999 -9999 -9999 -9999 -9999 -9999 -9999 -9999 -9999 -9999 -9999 -9999
1339.671 1314.535 1295.884 1289.104 1294.681 1307.075 1320.284 1331.79 1341.825 1351.914 1363.87 1343.014 1328.317 1328.222 1326.947 1325.028 1323.224 1321.85 1320.937 1320.407 1320.186 1320.243 1320.607 1321.357 1322.596 -9999 -9999 -9999 -9999 -9999 -9999 -9999 -9999 -9999 -9999 -9999 -9999 -9999 -9999 -9999 -9999 -9999 -9999 -9999 -9999 -9999 -9999 -9999 -9999 -9999 -9999 -9999 -9999 -9999 -9999 -9999 -9999 -9999 -9999 -9999 -9999 -9999 -9999 -9999 -9999 -9999 -9999
1338.109 1306.838 1283.787 1276.162 1284.508 1300.831 1317.116 1330.457 1341.274 1350.634 1356.835 1349.574 1337.735 1332.547 1329.711 1327.506 1325.722 1324.372 1323.441 1322.878 1322.636 1322.697 1323.075 1323.81 1324.939 -9999 -9999 -9999 -9999 -9999 -9999 -9999 -9999 -9999 -9999 -9999 -9999 -9999 -9999 -9999 -9999 -9999 -9999 -9999 -9999 -9999 -9999 -9999 -9999 -9999 -9999 -9999 -9999 -9999 -9999 -9999 -9999 -9999 -9999 -9999 -9999 -9999 -9999 -9999 -9999 -9999 -9999
1342.981 1309.235 1285.496 1277.768 1285.579 1300.971 1316.342 1328.752 1338.152 1344.78 1347.473 1344.623 1339.059 1334.604 1331.57 1329.368 1327.702 1326.469 1325.618 1325.105 1324.898 1324.983 1325.365 1326.06 1327.078 -9999 -9999 -9999 -9999 -9999 -9999 -9999 -9999 -9999 -9999 -9999 -9999 -9999 -9999 -9999 -9999 -9999 -9999 -9999 -9999 -9999 -9999 -9999 -9999 -9999 -9999 -9999 -9999 -9999 -9999 -9999 -9999 -9999 -9999 -9999 -9999 -9999 -9999 -9999 -9999 -9999 -9999
