tethysapp/magdalena_cauca_data_viewer/public/raster/ev.asc
ncols         279
nrows         512
xllcorner     -77.443335897482
yllcorner     1.3064112990023
cellsize      0.020005794964035
NODATA_value  -9999
[rows 300 to 329 of 512, columns 134 to 200 of 279]
1576.152 1597.351 1620.376 1642.132 1657.313 1660.191 1648.196 1623.801 1592.461 1559.243 1527.227 1497.689 1470.818 1446.319 1423.769 1402.816 1383.348 1365.674 1350.717 1339.987 1334.94 1335.782 1341.045 1348.809 1358.123 1369.092 1381.771 1394.452 1402.263 1398.823 1381.73 1354.892 1324.198 1293.381 1263.517 1233.951 1203.032 1168.605 1129.163 1087.365 1055.535 1051.989 1078.561 1114.361 1142.1 1160.898 1177.077 1192.084 1201.92 1203.285 1194.789 1178.007 1174.873 1200.634 1235.236 1269.094 1300.358 1329.129 1356.64 1384.575 1414.572 1446.462 1474.065 1483.749 1466.99 1431.672 1390.933
1591.509 1616.596 1645.06 1673.356 1694.279 1699.25 1684.316 1653.5 1614.964 1575.506 1538.67 1505.541 1475.957 1449.297 1424.881 1402.156 1380.855 1361.217 1344.287 1332.027 1326.557 1328.316 1335.18 1344.296 1354.246 1365.092 1376.979 1388.375 1394.887 1390.885 1374.326 1348.701 1319.282 1289.471 1260.251 1230.991 1200.172 1166.001 1127.67 1088.379 1059.275 1055.975 1080.614 1114.75 1141.086 1158.394 1174.139 1190.06 1201.057 1203.817 1198.536 1183.794 1176.736 1199.249 1230.093 1261.586 1291.941 1320.928 1349.451 1379.018 1410.979 1444.54 1472.901 1482.79 1466.772 1433.248 1395.577
1603.951 1631.195 1662.962 1695.62 1720.619 1726.977 1709.56 1673.832 1630.174 1586.542 1546.621 1511.252 1479.999 1452.034 1426.532 1402.84 1380.618 1360.067 1342.265 1329.331 1323.594 1325.474 1332.44 1341.168 1349.964 1358.721 1367.482 1375.006 1378.082 1372.847 1357.876 1335.48 1309.459 1282.559 1255.786 1228.849 1200.769 1170.569 1138.434 1107.749 1086.673 1084.536 1101.662 1126.494 1147.571 1163.171 1177.826 1192.505 1203.237 1208.043 1210.494 1212.563 1205.725 1212.056 1232.918 1259.157 1286.581 1313.885 1341.252 1369.486 1399.041 1428.3 1451.339 1459.022 1447.155 1421.772 -9999
1612.949 1639.659 1670.846 1703.08 1727.788 1733.669 1715.447 1678.857 1634.515 1590.372 1550.031 1514.283 1482.69 1454.451 1428.779 1405.068 1383.03 1362.894 1345.683 1333.253 1327.453 1328.334 1333.487 1339.928 1346.036 1351.492 1356.165 1359.126 1358.361 1351.617 1338.051 1318.973 1296.791 1273.538 1250.211 1226.896 1203.197 1178.84 1154.552 1133.097 1119.402 1117.917 1128.118 1144.027 1159.584 1173.094 1185.873 1197.863 1206.848 1211.871 1215.498 1218.649 1217.408 1222.424 1238.111 1259.67 1283.409 1307.736 1332.302 1357.189 1382.056 1405.034 1421.957 1427.795 1420.762 -9999 -9999
1619.356 1642.892 1669.473 1696.091 1715.607 1718.893 1701.729 1668.625 1628.183 1587.192 1549.027 1514.681 1484.002 1456.442 1431.418 1408.488 1387.489 1368.691 1352.936 1341.529 1335.51 1334.544 1336.73 1339.858 1342.593 1344.469 1345.2 1344.113 1340.024 1331.729 1318.816 1302.056 1282.982 1263.096 1243.364 1224.132 1205.367 1187.109 1170.047 1155.96 1147.433 1146.386 1152.31 1162.342 1173.444 1184.195 1194.399 1203.544 1210.495 1214.706 1217.121 1219.018 1221.938 1229.644 1243.464 1261.458 1281.482 1302.28 1323.294 1344.175 1364.217 1381.818 1394.405 1399.458 -9999 -9999 -9999
1625.413 1644.277 1663.957 1682.11 1693.841 1693.25 1677.627 1649.738 1615.307 1579.374 1544.889 1513.07 1484.147 1457.922 1434.082 1412.388 1392.796 1375.562 1361.263 1350.626 1344.028 1340.966 1340.086 1339.895 1339.373 1338 1335.409 1331.085 1324.325 1314.503 1301.478 1285.822 1268.672 1251.305 1234.724 1219.438 1205.517 1192.917 1181.918 1173.377 1168.493 1168.068 1171.791 1178.312 1186.063 1193.987 1201.526 1208.219 1213.583 1217.44 1220.252 1223.195 1228.036 1236.404 1248.557 1263.505 1280.045 1297.31 1314.751 1331.878 1347.948 1361.756 1371.763 -9999 -9999 -9999 -9999
1634.08 1648.298 1660.946 1670.513 1674.327 1669.34 1654.173 1630.331 1601.177 1570.081 1539.388 1510.354 1483.48 1458.855 1436.404 1416.051 1397.825 1381.91 1368.627 1358.277 1350.865 1345.881 1342.392 1339.395 1336.121 1332.066 1326.832 1319.988 1311.065 1299.707 1285.913 1270.215 1253.681 1237.677 1223.457 1211.712 1202.406 1195.06 1189.3 1185.199 1183.18 1183.595 1186.341 1190.808 1196.156 1201.63 1206.722 1211.243 1215.324 1219.264 1223.324 1227.954 1234.01 1242.258 1252.786 1265.088 1278.515 1292.546 1306.784 1320.794 1333.926 -9999 -9999 -9999 -9999 -9999 -9999
1648.244 1659.017 1665.786 1667.857 1664.41 1654.539 1637.973 1615.674 1589.575 1561.796 1534.028 1507.359 1482.358 1459.262 1438.135 1418.993 1401.882 1386.901 1374.176 1363.758 1355.485 1348.912 1343.378 1338.185 1332.739 1326.574 1319.29 1310.481 1299.753 1286.821 1271.695 1254.887 1237.568 1221.515 1208.612 1199.963 1195.269 1193.198 1192.415 1192.263 1192.745 1194.118 1196.524 1199.815 1203.541 1207.055 1209.825 1211.95 1214.487 1218.691 1224.54 1231.188 1238.433 1246.576 1255.75 1265.796 1276.477 1287.64 1299.166 1310.78 -9999 -9999 -9999 -9999 -9999 -9999 -9999
1670.22 1679.392 1681.683 1677.123 1666.539 1650.842 1630.845 1607.51 1582.045 1555.73 1529.654 1504.598 1481.028 1459.181 1439.156 1420.988 1404.698 1390.311 1377.825 1367.162 1358.106 1350.281 1343.2 1336.346 1329.246 1321.476 1312.634 1302.306 1290.072 1275.582 1258.716 1239.869 1220.33 1202.55 1189.649 1183.692 1184.002 1187.734 1192.11 1195.742 1198.473 1200.727 1203.013 1205.648 1208.479 1210.656 1211.069 1209.847 1209.844 1214.756 1223.535 1232.773 1241.339 1249.49 1257.527 1265.55 1273.677 1282.209 1291.473 -9999 -9999 -9999 -9999 -9999 -9999 -9999 -9999
1701.328 1711.028 1709.882 1698.635 1680.054 1657.061 1631.699 1605.204 1578.403 1551.964 1526.436 1502.221 1479.575 1458.63 1439.433 1421.986 1406.266 1392.23 1379.803 1368.846 1359.133 1350.349 1342.115 1334.032 1325.709 1316.762 1306.792 1295.359 1281.971 1266.128 1247.464 1226.087 1203.231 1182.092 1167.708 1164.028 1169.942 1180.149 1189.854 1197.004 1201.553 1204.291 1206.238 1208.393 1211.2 1213.286 1211.642 1205.939 1202.424 1209.206 1221.985 1233.826 1243.504 1251.597 1258.544 1264.561 1270.046 1275.926 1283.282 -9999 -9999 -9999 -9999 -9999 -9999 -9999 -9999
1740.912 1753.284 1749.14 1730.196 1702.018 1670.116 1637.888 1606.834 1577.444 1549.838 1524.047 1500.082 1477.936 1457.58 1438.965 1422.027 1406.687 1392.854 1380.403 1369.171 1358.938 1349.435 1340.358 1331.386 1322.191 1312.432 1301.73 1289.628 1275.565 1258.89 1238.96 1215.5 1189.459 1164.505 1147.757 1145.792 1157.164 1173.474 1187.756 1197.543 1203.063 1205.471 1206.26 1207.348 1210.716 1214.818 1212.274 1203.938 1200.146 1208.682 1222.98 1235.728 1245.783 1253.601 1259.444 1263.386 1265.95 1268.92 1274.674 -9999 -9999 -9999 -9999 -9999 -9999 -9999 -9999
1784.168 1800.812 1793.648 1765.858 1726.906 1685.351 1645.819 1609.847 1577.486 1548.317 1521.892 1497.855 1475.945 1455.962 1437.75 1421.17 1406.091 1392.38 1379.884 1368.428 1357.805 1347.779 1338.098 1328.498 1318.711 1308.45 1297.379 1285.067 1270.94 1254.266 1234.245 1210.354 1183.278 1156.738 1138.87 1137.899 1152.27 1171.7 1188.06 1198.716 1203.96 1204.943 1203.183 1201.109 1202.656 1207.977 1205.339 1201.097 1203.564 1213.437 1226.591 1238.777 1248.674 1256.145 1261.042 1263.12 1262.833 1262.879 1267.372 1276.85 -9999 -9999 -9999 -9999 -9999 -9999 -9999
1819.85 1840.696 1830.782 1794.939 1746.601 1696.981 1651.508 1611.571 1576.79 1546.306 1519.307 1495.157 1473.395 1453.685 1435.776 1419.469 1404.589 1390.971 1378.446 1366.833 1355.936 1345.545 1335.442 1325.411 1315.241 1304.715 1293.581 1281.492 1267.941 1252.233 1233.598 1211.56 1186.837 1162.929 1147.102 1146.413 1159.404 1177.049 1191.933 1201.32 1205.068 1203.783 1198.372 1190.63 1184.235 1182.765 1184.728 1191.863 1203.172 1216.614 1230.232 1242.42 1252.394 1259.778 1264.195 1265.244 1263.348 1261.662 1265.198 1274.46 1285.568 -9999 -9999 -9999 -9999 -9999 -9999
1833.245 1855.579 1844.413 1805.148 1752.811 1699.69 1651.57 1609.831 1573.952 1542.909 1515.732 1491.651 1470.098 1450.66 1433.029 1416.965 1402.265 1388.746 1376.23 1364.534 1353.469 1342.841 1332.455 1322.132 1311.713 1301.066 1290.065 1278.519 1266.071 1252.151 1236.119 1217.702 1197.761 1179.27 1167.387 1166.428 1175.208 1187.773 1198.693 1205.37 1207.041 1203.542 1194.962 1182.219 1168.222 1159.899 1167.316 1183.528 1201.182 1218.058 1233.349 1246.564 1257.225 1264.949 1269.447 1270.564 1268.958 1267.477 1270.171 1277.577 1286.806 1295.57 -9999 -9999 -9999 -9999 -9999
1817.77 1837.406 1827.035 1790.846 1741.767 1691.034 1644.395 1603.535 1568.223 1537.614 1510.825 1487.118 1465.926 1446.827 1429.497 1413.686 1399.179 1385.789 1373.333 1361.63 1350.496 1339.742 1329.187 1318.666 1308.061 1297.326 1286.498 1275.622 1264.581 1252.946 1240.14 1225.967 1211.232 1198.118 1189.731 1188.228 1192.769 1200.003 1206.541 1210.31 1210.229 1205.575 1195.95 1182.073 1167.426 1159.946 1167.254 1184.003 1202.526 1220.133 1236.789 1251.719 1263.643 1272.008 1276.839 1278.486 1277.931 1277.326 1279.186 1284.096 1290.64 1297.341 -9999 -9999 -9999 -9999 -9999
1781.761 1795.82 1787.022 1757.68 1716.645 1672.583 1630.659 1592.911 1559.621 1530.359 1504.508 1481.492 1460.836 1442.165 1425.184 1409.654 1395.371 1382.15 1369.814 1358.184 1347.077 1336.307 1325.686 1315.048 1304.284 1293.408 1282.63 1272.324 1262.729 1253.551 1244.075 1233.911 1223.578 1214.501 1208.417 1206.331 1207.708 1210.796 1213.765 1215.333 1214.502 1210.275 1202.043 1190.569 1179.285 1174.367 1180.073 1193.535 1208.776 1224.015 1241.514 1258.822 1272.349 1281.299 1286.191 1287.953 1287.841 1287.492 1288.446 1291.252 1295.407 1300.111 -9999 -9999 -9999 -9999 -9999
1739.639 1747.518 1739.656 1716.994 1684.684 1648.544 1612.682 1579.192 1548.786 1521.463 1496.934 1474.844 1454.858 1436.691 1420.101 1404.885 1390.859 1377.853 1365.699 1354.224 1343.247 1332.577 1322.017 1311.375 1300.519 1289.468 1278.569 1268.577 1260.252 1253.452 1247.091 1240.337 1233.349 1227.008 1222.296 1219.682 1218.828 1218.881 1219.188 1219.51 1219.229 1217.024 1211.948 1204.504 1197.143 1193.872 1198.029 1208.759 1220.635 1232.721 1250.439 1269.616 1284.205 1293.146 1297.363 1298.319 1297.585 1296.613 1296.49 1297.675 1300.029 1303.125 -9999 -9999 -9999 -9999 -9999
1701.646 1704.004 1696.036 1677.979 1652.557 1623.312 1593.179 1563.994 1536.653 1511.459 1488.4 1467.334 1448.078 1430.446 1414.268 1399.384 1385.643 1372.894 1360.984 1349.747 1339.009 1328.574 1318.234 1307.777 1297.027 1285.972 1275.011 1265.22 1257.905 1253.113 1249.309 1245.175 1240.562 1236.016 1232.119 1229.07 1226.588 1224.244 1222.324 1222.109 1223.689 1224.895 1224.057 1221.156 1217.108 1213.729 1215.798 1226.171 1238.126 1250.339 1267.037 1285.324 1299.496 1307.481 1310.015 1309.106 1306.781 1304.512 1303.155 1303.03 1304.058 1305.953 -9999 -9999 -9999 -9999 -9999
1672.064 1669.754 1660.809 1645.175 1624.206 1599.938 1574.31 1548.753 1524.14 1500.913 1479.247 1459.161 1440.601 1423.481 1407.699 1393.144 1379.701 1367.243 1355.632 1344.715 1334.324 1324.269 1314.342 1304.327 1294.038 1283.443 1272.946 1263.714 1257.253 1253.71 1251.427 1248.895 1245.771 1242.36 1238.993 1235.713 1232.207 1228.158 1224.446 1224.079 1228.188 1233.414 1237.367 1239.737 1239.552 1235.189 1234.161 1244.063 1256.603 1270.169 1286.291 1303.289 1316.841 1323.324 1323.127 1319.419 1314.902 1311.045 1308.465 1307.284 1307.349 -9999 -9999 -9999 -9999 -9999 -9999
1651.513 1645.149 1634.605 1619.717 1601.116 1579.926 1557.364 1534.457 1511.947 1490.298 1469.773 1450.5 1432.521 1415.83 1400.388 1386.133 1372.984 1360.837 1349.573 1339.05 1329.108 1319.571 1310.246 1300.939 1291.497 1281.918 1272.589 1264.5 1258.839 1255.699 1253.795 1251.865 1249.488 1246.757 1243.827 1240.663 1237.009 1232.718 1228.922 1228.997 1234.53 1242.467 1250.75 1259.453 1266.459 1264.343 1258.84 1262.722 1272.238 1285.068 1300.728 1318.118 1333.24 1338.55 1334.57 1327.642 1321.027 1315.829 1312.322 1310.414 -9999 -9999 -9999 -9999 -9999 -9999 -9999
1639.06 1628.969 1616.387 1601.092 1583.327 1563.679 1542.879 1521.629 1500.505 1479.929 1460.192 1441.477 1423.893 1407.496 1392.301 1378.288 1365.408 1353.581 1342.701 1332.635 1323.233 1314.329 1305.752 1297.344 1289 1280.758 1272.936 1266.205 1261.255 1258.103 1255.979 1254.06 1251.965 1249.651 1247.156 1244.457 1241.469 1238.347 1236.189 1237.237 1242.584 1250.92 1261.449 1274.707 1288.077 1289.144 1279.864 1277.506 1282.856 1292.985 1306.431 1323.769 1343.673 1348.573 1340.683 1331.704 1324.143 1318.437 1314.589 -9999 -9999 -9999 -9999 -9999 -9999 -9999 -9999
1633.298 1619.621 1604.693 1588.23 1570.243 1550.999 1530.91 1510.435 1490.002 1469.968 1450.612 1432.146 1414.721 1398.439 1383.361 1369.507 1356.854 1345.343 1334.876 1325.325 1316.539 1308.356 1300.62 1293.197 1286.012 1279.108 1272.697 1267.155 1262.811 1259.649 1257.275 1255.232 1253.246 1251.23 1249.181 1247.113 1245.091 1243.417 1242.89 1244.664 1249.354 1256.725 1266.648 1279.022 1290.519 1292.761 1287.228 1284.568 1287.522 1294.222 1302.509 1313.505 1334.586 1343.229 1337.716 1330.338 1323.802 -9999 -9999 -9999 -9999 -9999 -9999 -9999 -9999 -9999 -9999
1632.764 1615.589 1598.13 1580.014 1561.096 1541.439 1521.252 1500.821 1480.455 1460.446 1441.052 1422.494 1404.953 1388.57 1373.446 1359.639 1347.155 1335.95 1325.926 1316.948 1308.851 1301.462 1294.62 1288.195 1282.115 1276.393 1271.14 1266.539 1262.73 1259.696 1257.254 1255.174 1253.293 1251.541 1249.914 1248.452 1247.278 1246.666 1247.105 1249.161 1253.174 1259.158 1266.953 1275.864 1283.468 1286.411 1285.525 1285.218 1287.579 1291.77 1295.665 1300.169 1315.322 1326.791 1327.817 1324.617 -9999 -9999 -9999 -9999 -9999 -9999 -9999 -9999 -9999 -9999 -9999
1636.093 1615.572 1595.524 1575.471 1555.155 1534.508 1513.607 1492.623 1471.776 1451.308 1431.456 1412.444 1394.48 1377.742 1362.375 1348.479 1336.092 1325.18 1315.641 1307.312 1299.995 1293.482 1287.585 1282.154 1277.099 1272.398 1268.089 1264.249 1260.938 1258.15 1255.809 1253.813 1252.083 1250.584 1249.324 1248.355 1247.792 1247.829 1248.745 1250.821 1254.223 1258.935 1264.715 1270.895 1276.199 1279.458 1281.056 1282.618 1285.178 1288.522 1291.992 1296.774 1305.14 1312.813 1316.721 -9999 -9999 -9999 -9999 -9999 -9999 -9999 -9999 -9999 -9999 -9999 -9999
1642.107 1618.532 1595.967 1573.844 1551.826 1529.77 1507.674 1485.64 1463.831 1442.452 1421.723 1401.878 1383.149 1365.759 1349.911 1335.756 1323.376 1312.753 1303.767 1296.204 1289.801 1284.285 1279.414 1275.002 1270.928 1267.141 1263.641 1260.458 1257.623 1255.146 1253.007 1251.177 1249.631 1248.367 1247.411 1246.812 1246.66 1247.08 1248.223 1250.224 1253.145 1256.93 1261.354 1265.974 1270.182 1273.55 1276.226 1278.785 1281.637 1284.739 1287.925 1291.508 1296.002 1302.077 -9999 -9999 -9999 -9999 -9999 -9999 -9999 -9999 -9999 -9999 -9999 -9999 -9999
1649.925 1623.745 1598.841 1574.604 1550.677 1526.887 1503.203 1479.689 1456.48 1433.757 1411.733 1390.649 1370.771 1352.379 1335.749 1321.118 1308.636 1298.312 1289.994 1283.385 1278.108 1273.78 1270.075 1266.755 1263.67 1260.753 1257.991 1255.404 1253.025 1250.878 1248.982 1247.347 1245.988 1244.93 1244.211 1243.881 1244.006 1244.661 1245.925 1247.853 1250.454 1253.658 1257.303 1261.128 1264.844 1268.267 1271.432 1274.511 1277.607 1280.625 1283.373 1285.974 1289.601 1295.051 -9999 -9999 -9999 -9999 -9999 -9999 -9999 -9999 -9999 -9999 -9999 -9999 -9999
1659.103 1630.847 1603.821 1577.464 1551.454 1525.645 1500.015 1474.628 1449.607 1425.119 1401.37 1378.613 1357.149 1337.326 1319.53 1304.13 1291.396 1281.4 1273.943 1268.587 1264.763 1261.916 1259.596 1257.499 1255.459 1253.41 1251.351 1249.321 1247.37 1245.544 1243.886 1242.436 1241.237 1240.337 1239.789 1239.648 1239.963 1240.781 1242.132 1244.031 1246.457 1249.348 1252.597 1256.06 1259.595 1263.109 1266.585 1270.038 1273.439 1276.677 1279.659 1282.614 1286.284 -9999 -9999 -9999 -9999 -9999 -9999 -9999 -9999 -9999 -9999 -9999 -9999 -9999 -9999
1669.731 1639.871 1610.896 1582.371 1554.077 1525.949 1498.019 1470.373 1443.136 1416.465 1390.556 1365.661 1342.112 1320.336 1300.863 1284.274 1271.063 1261.438 1255.149 1251.516 1249.645 1248.702 1248.072 1247.386 1246.478 1245.314 1243.938 1242.429 1240.869 1239.33 1237.877 1236.569 1235.475 1234.668 1234.221 1234.201 1234.65 1235.595 1237.037 1238.959 1241.327 1244.089 1247.18 1250.529 1254.072 1257.76 1261.554 1265.402 1269.222 1272.916 1276.45 1279.985 1283.837 -9999 -9999 -9999 -9999 -9999 -9999 -9999 -9999 -9999 -9999 -9999 -9999 -9999 -9999
1682.415 1651.236 1620.343 1589.488 1558.622 1527.816 1497.194 1466.892 1437.042 1407.781 1379.278 1351.765 1325.581 1301.225 1279.402 1261.007 1246.947 1237.738 1233.091 1231.902 1232.71 1234.246 1235.691 1236.636 1236.958 1236.696 1235.973 1234.936 1233.719 1232.421 1231.118 1229.885 1228.814 1228.011 1227.585 1227.621 1228.167 1229.229 1230.778 1232.774 1235.169 1237.923 1241.004 1244.394 1248.083 1252.05 1256.247 1260.58 1264.928 1269.183 1273.305 1277.358 1281.46 -9999 -9999 -9999 -9999 -9999 -9999 -9999 -9999 -9999 -9999 -9999 -9999 -9999 -9999
1698.148 1665.688 1632.702 1599.171 1565.29 1531.339 1497.578 1464.203 1431.349 1399.118 1367.619 1337.03 1307.659 1280.032 1255.023 1233.95 1218.42 1209.624 1207.322 1209.637 1214.108 1218.825 1222.761 1225.551 1227.181 1227.81 1227.68 1227.047 1226.113 1225.001 1223.783 1222.535 1221.373 1220.457 1219.951 1219.981 1220.599 1221.785 1223.471 1225.583 1228.062 1230.883 1234.051 1237.595 1241.552 1245.925 1250.646 1255.574 1260.539 1265.405 1270.101 1274.635 1279.047 -9999 -9999 -9999 -9999 -9999 -9999 -9999 -9999 -9999 -9999 -9999 -9999 -9999 -9999
