tethysapp/magdalena_cauca_data_viewer/public/raster/ev.asc
ncols         279
nrows         512
xllcorner     -77.443335897482
yllcorner     1.3064112990023
cellsize      0.020005794964035
NODATA_value  -9999
[rows 390 to 419 of 512, columns 67 to 133 of 279]
1104.244 1087.451 1107.972 1149.514 1193.945 1232.944 1264.954 1290.893 1312.159 1330.001 1345.397 1359.084 1371.61 1383.383 1394.711 1405.826 1416.911 1428.116 1439.574 1451.42 1463.804 1476.919 1491.027 1506.489 1523.776 1543.381 1565.469 1589.042 1610.795 1625.242 1628.373 1621.818 1611.267 1601.666 1595.282 1592.503 1592.945 1596.065 1601.373 1608.475 1617.062 1626.883 1637.71 1649.319 1661.454 1673.812 1686.027 1697.67 1708.269 1717.338 1724.383 1728.894 1730.317 1728.119 1721.987 1712.143 1699.593 1686.058 1673.386 1662.568 1653.207 1644.109 1634.351 1623.74 1612.62 1601.514 1590.888
1136.209 1121.064 1136.249 1169.974 1207.913 1242.543 1271.842 1296.157 1316.472 1333.772 1348.872 1362.406 1374.854 1386.581 1397.868 1408.928 1419.932 1431.021 1442.319 1453.949 1466.044 1478.772 1492.357 1507.121 1523.51 1542.059 1563.059 1585.625 1606.437 1620.273 1623.815 1618.726 1609.927 1601.769 1596.404 1594.321 1595.261 1598.773 1604.422 1611.849 1620.771 1630.948 1642.158 1654.166 1666.685 1679.34 1691.646 1703.009 1712.781 1720.36 1725.303 1727.376 1726.526 1722.812 1716.421 1707.751 1697.507 1686.64 1676.067 1666.27 1657.085 1647.93 1638.285 1627.984 1617.201 1606.286 1595.603
1185.107 1172.548 1180.635 1203.117 1230.996 1258.395 1282.95 1304.254 1322.681 1338.799 1353.158 1366.223 1378.368 1389.888 1401.017 1411.936 1422.794 1433.711 1444.792 1456.135 1467.841 1480.023 1492.829 1506.47 1521.272 1537.721 1556.252 1576.234 1594.664 1607.266 1611.775 1609.525 1604.083 1598.783 1595.502 1594.857 1596.801 1601.055 1607.304 1615.271 1624.73 1635.485 1647.352 1660.118 1673.498 1687.078 1700.259 1712.242 1722.102 1728.991 1732.405 1732.349 1729.266 1723.787 1716.533 1708.058 1698.885 1689.501 1680.273 1671.307 1662.409 1653.21 1643.407 1632.923 1621.92 1610.693 1599.571
1232.598 1222.515 1225.356 1238.469 1257.016 1277.042 1296.358 1314.115 1330.185 1344.745 1358.072 1370.447 1382.121 1393.308 1404.185 1414.893 1425.55 1436.252 1447.078 1458.096 1469.364 1480.938 1492.877 1505.271 1518.309 1532.409 1548.113 1565.015 1580.637 1591.896 1597.412 1598.096 1596.252 1594.192 1593.412 1594.575 1597.821 1603.051 1610.091 1618.768 1628.934 1640.461 1653.229 1667.088 1681.801 1696.962 1711.881 1725.504 1736.474 1743.458 1745.71 1743.461 1737.781 1730.015 1721.285 1712.327 1703.544 1695.087 1686.879 1678.644 1669.987 1660.557 1650.191 1638.968 1627.145 1615.065 1603.07
1270.277 1262.399 1262.471 1269.589 1281.393 1295.489 1310.197 1324.593 1338.286 1351.188 1363.363 1374.934 1386.039 1396.812 1407.371 1417.819 1428.24 1438.703 1449.259 1459.947 1470.788 1481.791 1492.95 1504.277 1515.88 1528.102 1541.387 1555.374 1568.3 1578.24 1584.417 1587.387 1588.538 1589.364 1590.97 1593.967 1598.603 1604.916 1612.858 1622.356 1633.346 1645.781 1659.625 1674.824 1691.241 1708.543 1726.004 1742.295 1755.445 1763.307 1764.61 1759.83 1750.938 1740.259 1729.538 1719.722 1711.108 1703.521 1696.413 1688.998 1680.514 1670.52 1659.025 1646.378 1633.064 1619.549 1606.216
1297.05 1291.254 1290.407 1294.335 1301.964 1311.949 1323.145 1334.768 1346.365 1357.722 1368.77 1379.52 1390.023 1400.346 1410.557 1420.72 1430.889 1441.106 1451.401 1461.786 1472.257 1482.789 1493.345 1503.902 1514.519 1525.411 1536.792 1548.337 1559.013 1567.788 1574.26 1578.755 1582.079 1585.16 1588.77 1593.418 1599.382 1606.785 1615.667 1626.037 1637.908 1651.31 1666.294 1682.918 1701.183 1720.891 1741.366 1761.054 1777.248 1786.648 1787.127 1779.439 1766.797 1752.778 1739.84 1729.139 1720.875 1714.537 1709.003 1702.751 1694.413 1683.397 1670.028 1655.142 1639.605 1624.072 1608.969
1314.647 1310.924 1310.312 1312.913 1318.285 1325.721 1334.504 1344.056 1353.977 1364.025 1374.068 1384.055 1393.978 1403.855 1413.714 1423.589 1433.507 1443.491 1453.55 1463.68 1473.858 1484.041 1494.174 1504.211 1514.152 1524.067 1533.989 1543.693 1552.685 1560.512 1567.026 1572.438 1577.219 1581.939 1587.12 1593.158 1600.316 1608.752 1618.559 1629.805 1642.555 1656.9 1672.962 1690.891 1710.813 1732.685 1755.948 1778.925 1798.257 1809.391 1809.172 1798.642 1782.386 1765.272 1750.418 1739.187 1731.753 1727.339 1724.155 1719.63 1711.457 1698.862 1682.756 1664.772 1646.323 1628.287 1611.112
1325.35 1323.716 1323.995 1326.384 1330.76 1336.788 1344.057 1352.185 1360.865 1369.881 1379.092 1388.419 1397.82 1407.284 1416.811 1426.411 1436.095 1445.868 1455.727 1465.657 1475.623 1485.572 1495.434 1505.132 1514.599 1523.787 1532.635 1541.022 1548.792 1555.852 1562.244 1568.149 1573.86 1579.729 1586.103 1593.28 1601.481 1610.87 1621.562 1633.654 1647.243 1662.448 1679.421 1698.349 1719.411 1742.641 1767.558 1792.471 1813.676 1825.849 1825.14 1812.79 1794.301 1775.349 1759.497 1748.361 1742.277 1740.4 1740.293 1738.052 1730.068 1715.369 1695.796 1674.083 1652.295 1631.521 1612.194
1331.227 1331.659 1333.151 1335.944 1340.085 1345.464 1351.878 1359.1 1366.923 1375.178 1383.741 1392.528 1401.487 1410.589 1419.819 1429.172 1438.645 1448.235 1457.931 1467.713 1477.542 1487.358 1497.076 1506.582 1515.746 1524.428 1532.511 1539.941 1546.773 1553.165 1559.317 1565.432 1571.717 1578.39 1585.678 1593.789 1602.903 1613.165 1624.695 1637.597 1651.975 1667.941 1685.627 1705.178 1726.713 1750.188 1775.067 1799.659 1820.379 1832.102 1831.158 1818.803 1800.399 1781.533 1765.889 1755.398 1750.787 1751.402 1754.365 1754.443 1746.589 1729.652 1706.543 1681.151 1656.149 1632.795 1611.503
1333.942 1336.356 1339.161 1342.647 1346.974 1352.172 1358.179 1364.881 1372.154 1379.882 1387.968 1396.338 1404.941 1413.74 1422.716 1431.852 1441.142 1450.576 1460.142 1469.819 1479.57 1489.333 1499.009 1508.456 1517.478 1525.851 1533.393 1540.078 1546.111 1551.858 1557.683 1563.835 1570.475 1577.736 1585.748 1594.651 1604.577 1615.651 1627.982 1641.671 1656.808 1673.475 1691.743 1711.647 1733.141 1755.969 1779.396 1801.739 1819.903 1829.834 1828.812 1817.931 1801.484 1784.182 1769.511 1759.691 1755.895 1757.804 1762.428 1763.765 1755.834 1737.31 1711.745 1683.738 1656.357 1631.01 1608.152
1334.792 1339.025 1343.08 1347.34 1352.051 1357.334 1363.217 1369.667 1376.623 1384.012 1391.769 1399.835 1408.164 1416.722 1425.486 1434.439 1443.57 1452.87 1462.328 1471.927 1481.635 1491.393 1501.1 1510.585 1519.597 1527.817 1534.972 1541.022 1546.307 1551.411 1556.867 1562.976 1569.867 1577.595 1586.22 1595.82 1606.491 1618.334 1631.448 1645.925 1661.838 1679.23 1698.095 1718.337 1739.702 1761.671 1783.271 1802.836 1817.89 1825.657 1824.498 1815.281 1801.034 1785.375 1771.423 1761.523 1757.131 1758.174 1761.871 1762.439 1754.022 1735.142 1709.05 1680.204 1651.743 1625.237 1601.303
1334.822 1340.559 1345.672 1350.652 1355.806 1361.309 1367.239 1373.616 1380.422 1387.621 1395.169 1403.026 1411.156 1419.53 1428.124 1436.923 1445.917 1455.096 1464.455 1473.98 1483.649 1493.411 1503.165 1512.727 1521.795 1529.957 1536.819 1542.307 1546.893 1551.4 1556.523 1562.601 1569.715 1577.86 1587.033 1597.27 1608.636 1621.218 1635.112 1650.405 1667.162 1685.401 1705.057 1725.928 1747.592 1769.307 1789.89 1807.664 1820.579 1826.72 1825.151 1816.579 1803.187 1787.84 1773.34 1762.006 1755.322 1753.296 1753.565 1751.361 1741.85 1723.471 1698.432 1670.293 1641.911 1614.975 1590.355
1334.814 1341.551 1347.439 1353.015 1358.599 1364.38 1370.459 1376.881 1383.657 1390.774 1398.21 1405.938 1413.933 1422.171 1430.633 1439.304 1448.175 1457.239 1466.492 1475.927 1485.528 1495.252 1505.006 1514.599 1523.697 1531.811 1538.447 1543.487 1547.52 1551.58 1556.492 1562.605 1569.959 1578.496 1588.172 1598.993 1611.008 1624.302 1638.973 1655.123 1672.826 1692.106 1712.886 1734.924 1757.723 1780.415 1801.659 1819.636 1832.276 1837.8 1835.426 1825.842 1811.074 1793.867 1776.977 1762.649 1752.228 1745.681 1741.113 1734.968 1723.648 1705.628 1681.979 1655.09 1627.267 1600.194 1574.99
1335.094 1342.258 1348.637 1354.685 1360.67 1366.758 1373.049 1379.596 1386.427 1393.544 1400.942 1408.606 1416.52 1424.665 1433.026 1441.59 1450.349 1459.295 1468.426 1477.736 1487.214 1496.821 1506.469 1515.969 1524.979 1532.985 1539.458 1544.262 1548.04 1551.92 1556.795 1563.025 1570.629 1579.526 1589.648 1600.99 1613.597 1627.559 1642.996 1660.032 1678.782 1699.31 1721.589 1745.426 1770.364 1795.539 1819.512 1840.151 1854.795 1860.933 1857.339 1844.861 1826.165 1804.652 1783.418 1764.685 1749.566 1737.896 1728.132 1717.675 1703.902 1685.401 1662.41 1636.285 1608.703 1581.21 1555.118
1335.367 1342.597 1349.317 1355.784 1362.171 1368.597 1375.147 1381.879 1388.825 1396.005 1403.422 1411.073 1418.948 1427.036 1435.324 1443.801 1452.455 1461.279 1470.267 1479.412 1488.7 1498.093 1507.504 1516.754 1525.518 1533.327 1539.703 1544.543 1548.447 1552.477 1557.506 1563.923 1571.77 1580.975 1591.472 1603.255 1616.376 1630.941 1647.097 1665.013 1684.86 1706.782 1730.851 1757.005 1784.937 1813.928 1842.55 1868.266 1887.274 1895.383 1890.202 1872.959 1847.869 1819.818 1792.611 1768.471 1748.193 1731.377 1716.631 1701.934 1685.272 1665.339 1641.864 1615.456 1587.232 1558.542 1530.845
1334.87 1342.257 1349.402 1356.357 1363.2 1370.013 1376.87 1383.831 1390.941 1398.227 1405.705 1413.382 1421.256 1429.318 1437.559 1445.965 1454.524 1463.224 1472.053 1480.997 1490.037 1499.132 1508.194 1517.062 1525.458 1533.002 1539.339 1544.427 1548.768 1553.236 1558.607 1565.286 1573.371 1582.83 1593.621 1605.751 1619.289 1634.362 1651.15 1669.873 1690.775 1714.1 1740.049 1768.723 1800.022 1833.462 1867.775 1900.134 1925.335 1936.613 1929.614 1906.178 1872.978 1837.056 1803.099 1773.259 1747.91 1726.324 1707.089 1688.455 1668.726 1646.651 1621.651 1593.827 1563.854 1532.895 1502.557
1332.807 1340.928 1348.826 1356.452 1363.854 1371.116 1378.323 1385.55 1392.854 1400.278 1407.849 1415.583 1423.483 1431.547 1439.765 1448.121 1456.601 1465.182 1473.847 1482.573 1491.33 1500.074 1508.725 1517.145 1525.123 1532.39 1538.729 1544.161 1549.082 1554.151 1559.999 1567.013 1575.345 1585.018 1596.031 1608.414 1622.258 1637.712 1654.992 1674.369 1696.161 1720.712 1748.345 1779.301 1813.629 1851 1890.326 1928.816 1960.269 1975.065 1966.318 1936.636 1895.55 1852.297 1812.282 1777.465 1747.781 1722.176 1699.15 1677.058 1654.348 1629.773 1602.54 1572.388 1539.644 1505.311 1471.169
1328.848 1338.578 1347.677 1356.196 1364.266 1372.031 1379.617 1387.128 1394.644 1402.224 1409.907 1417.719 1425.67 1433.76 1441.98 1450.314 1458.736 1467.22 1475.734 1484.244 1492.714 1501.096 1509.324 1517.296 1524.87 1531.889 1538.253 1544.029 1549.524 1555.217 1561.588 1568.981 1577.571 1587.434 1598.609 1611.158 1625.188 1640.875 1658.458 1678.252 1700.635 1726.028 1754.848 1787.401 1823.731 1863.37 1905.033 1946.115 1980.78 1997.733 1987.852 1954.313 1908.531 1860.965 1817.303 1779.315 1746.668 1718.143 1692.215 1667.311 1641.953 1614.871 1585.109 1552.122 1515.942 1477.416 1438.509
1323.555 1335.645 1346.282 1355.835 1364.624 1372.905 1380.868 1388.66 1396.386 1404.125 1411.929 1419.832 1427.853 1435.994 1444.246 1452.588 1460.99 1469.411 1477.807 1486.131 1494.338 1502.38 1510.209 1517.766 1524.979 1531.786 1538.171 1544.234 1550.214 1556.458 1563.323 1571.091 1579.941 1589.975 1601.267 1613.9 1628.001 1643.753 1661.413 1681.316 1703.87 1729.538 1758.766 1791.856 1828.701 1868.404 1908.887 1947.175 1979.217 1995.138 1985.295 1952.387 1907.315 1860.121 1816.306 1777.609 1743.749 1713.609 1685.792 1658.851 1631.387 1602.119 1569.963 1534.152 1494.458 1451.57 1407.6
1318.479 1333.046 1345.196 1355.719 1365.162 1373.9 1382.196 1390.235 1398.15 1406.036 1413.958 1421.959 1430.063 1438.279 1446.594 1454.987 1463.417 1471.83 1480.165 1488.357 1496.348 1504.091 1511.559 1518.736 1525.619 1532.223 1538.598 1544.861 1551.208 1557.893 1565.178 1573.287 1582.38 1592.569 1603.94 1616.59 1630.649 1646.3 1663.794 1683.458 1705.69 1730.931 1759.587 1791.852 1827.382 1864.792 1901.225 1933.135 1957.946 1969.591 1960.578 1932.186 1892.61 1850.03 1809.3 1772.223 1738.831 1708.341 1679.645 1651.499 1622.622 1591.756 1557.749 1519.684 1477.141 1430.669 1382.47
1315.709 1331.895 1345.044 1356.22 1366.113 1375.174 1383.709 1391.932 1399.993 1407.999 1416.026 1424.124 1432.322 1440.634 1449.051 1457.545 1466.067 1474.548 1482.903 1491.042 1498.884 1506.378 1513.514 1520.323 1526.87 1533.241 1539.543 1545.908 1552.501 1559.514 1567.138 1575.542 1584.857 1595.184 1606.608 1619.221 1633.144 1648.543 1665.642 1684.73 1706.147 1730.25 1757.312 1787.322 1819.628 1852.491 1882.956 1907.962 1925.579 1932.44 1924.328 1901.711 1869.651 1833.828 1798.061 1764.11 1732.373 1702.511 1673.795 1645.243 1615.722 1584.039 1549.044 1509.777 1465.746 1417.442 1367.108
1316.801 1333.014 1346.29 1357.618 1367.654 1376.843 1385.489 1393.809 1401.957 1410.044 1418.152 1426.337 1434.636 1443.066 1451.621 1460.275 1468.969 1477.617 1486.103 1494.296 1502.076 1509.373 1516.185 1522.598 1528.754 1534.818 1540.954 1547.315 1554.047 1561.292 1569.185 1577.845 1587.366 1597.825 1609.29 1621.836 1635.558 1650.59 1667.114 1685.353 1705.56 1727.964 1752.656 1779.39 1807.292 1834.611 1858.93 1878.067 1890.471 1894.164 1887.173 1869.803 1844.847 1815.775 1785.27 1754.878 1725.278 1696.576 1668.449 1640.181 1610.777 1579.13 1544.173 1505.027 1461.274 1413.462 1363.84
1321.851 1336.54 1349.061 1360.011 1369.862 1378.964 1387.578 1395.895 1404.06 1412.181 1420.34 1428.597 1436.994 1445.556 1454.286 1463.161 1472.118 1481.054 1489.812 1498.202 1506.035 1513.186 1519.658 1525.596 1531.248 1536.884 1542.741 1548.994 1555.774 1563.182 1571.299 1580.194 1589.923 1600.528 1612.048 1624.525 1638.023 1652.629 1668.469 1685.696 1704.467 1724.882 1746.882 1770.069 1793.538 1815.821 1835.163 1850.013 1859.152 1861.382 1855.803 1842.619 1823.257 1799.662 1773.576 1746.274 1718.621 1691.145 1663.927 1636.468 1607.843 1577.027 1543.096 1505.361 1463.599 1418.492 1372.239
1329.605 1341.946 1353.131 1363.307 1372.699 1381.525 1389.97 1398.189 1406.3 1414.403 1422.575 1430.88 1439.364 1448.064 1456.995 1466.144 1475.456 1484.811 1494.011 1502.781 1510.813 1517.883 1523.969 1529.298 1534.276 1539.325 1544.773 1550.825 1557.589 1565.121 1573.449 1582.592 1592.558 1603.351 1614.972 1627.422 1640.72 1654.904 1670.039 1686.21 1703.499 1721.922 1741.341 1761.339 1781.131 1799.601 1815.524 1827.772 1835.373 1837.479 1833.518 1823.486 1808.016 1788.16 1765.07 1739.835 1713.478 1686.937 1660.684 1634.338 1606.947 1577.547 1545.4 1510.06 1471.542 1430.66 1389.462
1338.428 1348.403 1358.074 1367.278 1376.041 1384.453 1392.625 1400.66 1408.652 1416.684 1424.829 1433.147 1441.696 1450.522 1459.658 1469.112 1478.844 1488.739 1498.555 1507.91 1516.324 1523.392 1529.025 1533.569 1537.664 1541.95 1546.874 1552.66 1559.381 1567.038 1575.6 1585.033 1595.3 1606.361 1618.172 1630.687 1643.869 1657.7 1672.189 1687.367 1703.265 1719.875 1737.068 1754.511 1771.615 1787.599 1801.645 1812.916 1820.547 1823.675 1821.575 1813.874 1800.726 1782.804 1761.096 1736.71 1710.856 1684.816 1659.351 1634.107 1608.072 1580.352 1550.397 1517.988 1483.335 1447.307 1411.693
1347.136 1355.176 1363.441 1371.654 1379.72 1387.643 1395.468 1403.256 1411.073 1418.986 1427.058 1435.35 1443.923 1452.838 1462.148 1471.888 1482.052 1492.541 1503.091 1513.207 1522.182 1529.339 1534.459 1538.044 1541.069 1544.463 1548.801 1554.312 1561.014 1568.841 1577.7 1587.506 1598.176 1609.629 1621.77 1634.498 1647.712 1661.33 1675.302 1689.617 1704.289 1719.327 1734.678 1750.166 1765.454 1780.104 1793.633 1805.416 1814.558 1819.871 1820.041 1814.085 1801.843 1784.081 1762.122 1737.406 1711.379 1685.45 1660.421 1635.937 1611.042 1584.953 1557.26 1527.891 1497.156 1465.874 1435.518
1355.175 1361.782 1368.877 1376.182 1383.564 1390.974 1398.414 1405.912 1413.511 1421.26 1429.213 1437.429 1445.971 1454.91 1464.318 1474.26 1484.767 1495.773 1507.019 1517.919 1527.529 1534.838 1539.438 1542.008 1543.923 1546.438 1550.247 1555.564 1562.338 1570.429 1579.688 1589.985 1601.201 1613.217 1625.89 1639.05 1652.518 1666.131 1679.774 1693.398 1707.016 1720.688 1734.479 1748.421 1762.483 1776.594 1790.612 1804.118 1816.12 1824.833 1827.883 1823.28 1810.614 1791.276 1767.505 1741.404 1714.649 1688.504 1663.537 1639.413 1615.352 1590.703 1565.134 1538.625 1511.487 1484.422 1458.568
1362.396 1367.975 1374.14 1380.666 1387.418 1394.328 1401.374 1408.559 1415.908 1423.455 1431.244 1439.327 1447.767 1456.64 1466.026 1476.013 1486.656 1497.926 1509.583 1520.997 1531.056 1538.469 1542.649 1544.409 1545.474 1547.368 1550.875 1556.184 1563.187 1571.687 1581.488 1592.427 1604.369 1617.174 1630.654 1644.555 1658.588 1672.482 1686.04 1699.165 1711.878 1724.302 1736.65 1749.188 1762.224 1776.085 1791.02 1806.896 1822.665 1835.785 1842.337 1838.791 1824.507 1802.09 1775.269 1747.012 1719.124 1692.537 1667.479 1643.585 1620.229 1596.877 1573.233 1549.274 1525.254 1501.723 1479.523
1368.813 1373.646 1379.085 1384.962 1391.158 1397.604 1404.264 1411.13 1418.21 1425.524 1433.106 1441 1449.261 1457.959 1467.174 1476.991 1487.476 1498.606 1510.156 1521.504 1531.51 1538.816 1542.773 1544.227 1545.023 1546.791 1550.368 1555.946 1563.399 1572.497 1583.016 1594.781 1607.666 1621.544 1636.193 1651.253 1666.274 1680.831 1694.607 1707.445 1719.36 1730.546 1741.366 1752.334 1764.095 1777.379 1792.865 1810.794 1830.192 1847.806 1857.941 1855.141 1838.546 1812.409 1782.229 1751.774 1722.819 1695.91 1670.938 1647.451 1624.896 1602.809 1580.922 1559.19 1537.795 1517.14 1497.823
1374.476 1378.755 1383.629 1388.973 1394.69 1400.718 1407.016 1413.566 1420.365 1427.424 1434.764 1442.416 1450.423 1458.839 1467.729 1477.157 1487.165 1497.715 1508.579 1519.182 1528.514 1535.409 1539.33 1541.043 1542.226 1544.422 1548.482 1554.644 1562.806 1572.739 1584.201 1597.016 1611.1 1626.394 1642.679 1659.449 1676.017 1691.73 1706.107 1718.895 1730.082 1739.919 1748.92 1757.839 1767.633 1779.395 1794.188 1812.617 1833.872 1854.276 1866.774 1864.309 1845.854 1817.072 1784.794 1753.238 1724.034 1697.406 1673.005 1650.301 1628.769 1608.001 1587.755 1567.971 1548.769 1530.433 1513.379
