tethysapp/magdalena_cauca_data_viewer/public/raster/hr.asc
ncols         279
nrows         512
xllcorner     -77.443335897482
yllcorner     1.3064112990023
cellsize      0.020005794964035
NODATA_value  -9999
[rows 330 to 359 of 512, columns 67 to 133 of 279]
79.6748 79.63509 79.57137 79.46758 79.31336 79.08907 78.77718 78.36503 77.86378 77.34982 77.01514 77.06783 77.52036 78.22639 78.99511 79.73775 80.47633 81.23765 81.8139 81.83983 81.84409 82.14051 82.51148 82.7252 82.83108 82.76111 82.61913 82.50874 82.45427 82.46346 82.54638 82.72172 83.0253 83.52303 84.30515 85.41882 86.65514 87.36096 87.02291 85.99924 84.89992 84.00192 83.33968 82.87485 82.55631 82.33983 82.18241 82.03726 81.85861 81.61304 81.2961 80.91286 80.41422 79.76512 79.02453 78.26289 77.53099 76.87203 76.33722 75.97232 75.80931 75.84159 76.01802 76.26555 76.53041 76.79162 77.05658
79.55132 79.49752 79.4153 79.29157 79.1132 78.85786 78.50226 78.02186 77.40668 76.7123 76.18694 76.2132 76.77712 77.68832 78.60369 79.37829 80.03916 80.63571 81.10065 81.38673 81.74491 82.31803 82.91048 83.23795 83.3987 83.28403 83.07035 82.87179 82.7248 82.65672 82.68661 82.83564 83.14167 83.67456 84.53209 85.77387 87.18372 87.99535 87.56366 86.34559 85.08654 84.0863 83.35878 82.84457 82.47958 82.21188 81.99713 81.79697 81.57905 81.32403 81.02766 80.67622 80.20829 79.59082 78.87796 78.13494 77.40687 76.72823 76.13049 75.661 75.41145 75.44361 75.67142 75.95305 76.21396 76.44812 76.68738
79.43958 79.37846 79.2883 79.15719 78.97095 78.70867 78.34475 77.85175 77.21101 76.47427 75.89608 75.80877 76.38263 77.38586 78.33128 79.02724 79.50462 79.86832 80.23026 80.70886 81.42546 82.38926 83.44167 84.27021 84.22207 83.8303 83.54279 83.26069 83.01379 82.85789 82.81791 82.91264 83.17379 83.65697 84.43208 85.52074 86.70973 87.38233 87.03959 86.0072 84.88605 83.96069 83.26917 82.76769 82.40083 82.12057 81.88574 81.66277 81.42545 81.157 80.84692 80.4767 80.00415 79.40665 78.71102 77.96107 77.19408 76.44067 75.71893 75.06293 74.68356 74.80914 75.20634 75.57467 75.82744 76.00582 76.19196
79.33916 79.27612 79.18711 79.06051 78.88399 78.63913 78.30484 77.86016 77.29644 76.66673 76.15405 76.05668 76.57264 77.44855 78.24322 78.74683 78.95853 79.01389 79.1936 79.78745 80.83329 82.16168 83.53208 84.52754 84.48785 84.20452 84.00623 83.64735 83.3011 83.0578 82.9368 82.95277 83.1287 83.49564 84.08089 84.85839 85.65006 86.08399 85.887 85.20749 84.39288 83.6644 83.08808 82.65363 82.32639 82.06863 81.84544 81.6254 81.3836 81.10195 80.76747 80.36454 79.87038 79.27042 78.57204 77.79777 76.97717 76.15437 75.36667 74.56536 74.0081 74.28278 74.84002 75.23158 75.39394 75.43177 75.50719
79.24888 79.1902 79.10992 78.99686 78.84237 78.63326 78.35559 77.99992 77.57186 77.12382 76.7891 76.76592 77.14945 77.76086 78.29439 78.54878 78.45792 78.12797 78.00787 78.66246 80.0027 81.55372 82.93328 83.81446 84.09232 84.27767 84.25866 83.91427 83.54838 83.24957 83.04391 82.96394 83.03202 83.25721 83.63212 84.11119 84.57227 84.82059 84.72135 84.32556 83.80167 83.29118 82.86238 82.5271 82.27127 82.06748 81.88524 81.69377 81.46437 81.17681 80.81834 80.38057 79.85432 79.23154 78.5134 77.70907 76.84251 75.97865 75.24831 74.66915 74.11781 74.32144 74.75917 74.98235 74.90241 74.65933 74.53342
79.16594 79.11513 79.04662 78.95355 78.82934 78.66573 78.45613 78.20064 77.91282 77.63962 77.46629 77.49423 77.74789 78.11635 78.40939 78.45773 78.15516 77.54974 77.18324 77.85911 79.32235 80.87926 82.15538 83.01462 83.53002 83.90472 84.06954 83.97507 83.74552 83.43368 83.13657 82.95018 82.90739 83.00042 83.20039 83.4609 83.70878 83.84251 83.79159 83.56921 83.25346 82.92663 82.64237 82.42031 82.25854 82.13879 82.02961 81.89539 81.69939 81.41454 81.03017 80.54837 79.97508 79.31436 78.56972 77.74635 76.86382 75.99044 75.29668 74.9633 74.75403 74.76192 74.88873 74.79496 74.33185 73.64494 73.20647
79.08337 79.0425 78.98925 78.91924 78.82774 78.71136 78.5679 78.40207 78.22823 78.08022 78.00668 78.05106 78.21113 78.41856 78.55877 78.51569 78.20723 77.68105 77.39083 77.96521 79.17521 80.47128 81.55846 82.36448 82.94435 83.38845 83.71944 83.9171 83.88358 83.56757 83.17678 82.89426 82.76038 82.75247 82.83024 82.95052 83.06946 83.13305 83.10197 82.97809 82.79904 82.61277 82.45746 82.35329 82.30595 82.30157 82.30719 82.27023 82.13333 81.85607 81.43173 80.88114 80.23578 79.51912 78.74615 77.92493 77.0771 76.26461 75.62852 75.31279 75.21468 75.17266 75.05796 74.65314 73.7913 72.60608 71.80344
78.99541 78.96425 78.92651 78.88035 78.82201 78.74969 78.66348 78.56885 78.47694 78.40941 78.39093 78.4383 78.54289 78.66412 78.73764 78.70374 78.53766 78.30502 78.22742 78.61184 79.41467 80.34306 81.18778 81.87834 82.43174 82.89868 83.32375 83.68243 83.77805 83.49423 83.08182 82.76175 82.58061 82.51376 82.51974 82.55821 82.59933 82.61813 82.59485 82.52953 82.44286 82.36407 82.32198 82.33824 82.42602 82.57864 82.75674 82.87887 82.84 82.56738 82.06593 81.39672 80.6354 79.83562 79.0252 78.21903 77.43547 76.72417 76.17212 75.84398 75.67717 75.52897 75.2471 74.65298 73.59703 72.19951 71.2408
78.89429 78.87338 78.85193 78.8287 78.80118 78.76797 78.72923 78.68953 78.65538 78.63925 78.65334 78.70326 78.78126 78.86534 78.92419 78.93703 78.91457 78.90225 78.94634 79.20164 79.71326 80.34457 80.96746 81.52242 82.00449 82.43694 82.84335 83.18408 83.30505 83.12381 82.80735 82.53198 82.35448 82.26582 82.23528 82.23064 82.22968 82.22399 82.20789 82.18294 82.16364 82.17105 82.22964 82.36561 82.60742 82.96475 83.39592 83.77096 83.88871 83.60586 82.95441 82.08247 81.14212 80.22343 79.36154 78.56588 77.84232 77.21361 76.71765 76.36975 76.1198 75.87157 75.50163 74.88287 73.93158 72.78699 72.04398
78.77422 78.76156 78.75518 78.75372 78.75459 78.756 78.75736 78.76041 78.76872 78.78891 78.82614 78.88211 78.95267 79.02654 79.09015 79.14098 79.19182 79.2616 79.36373 79.5741 79.92714 80.3645 80.81857 81.24886 81.64252 82.00261 82.32957 82.58535 82.68961 82.60767 82.41885 82.2272 82.08546 81.99979 81.95436 81.92991 81.91326 81.90067 81.89474 81.9017 81.93446 82.01186 82.15771 82.40551 82.80654 83.40407 84.17088 84.91572 85.26331 84.93288 84.02867 82.85432 81.67454 80.61254 79.69169 78.89825 78.21593 77.6413 77.17625 76.81252 76.51207 76.20962 75.82703 75.29572 74.59839 73.86639 73.44322
78.6269 78.62072 78.62791 78.64717 78.67533 78.7091 78.74626 78.78603 78.8291 78.87827 78.93552 79.00176 79.07543 79.15009 79.22198 79.29285 79.37014 79.46426 79.59103 79.78033 80.04496 80.36085 80.69506 81.02274 81.33094 81.61234 81.85795 82.04182 82.12786 82.1052 82.00875 81.89204 81.79293 81.72241 81.67634 81.64701 81.62728 81.618 81.6237 81.6543 81.72503 81.85394 82.06635 82.40286 82.93955 83.75881 84.86799 86.02926 86.63387 86.21394 85.00906 83.49719 82.0893 80.91095 79.95033 79.16407 78.51344 77.97507 77.53056 77.16422 76.84473 76.53091 76.17921 75.76255 75.29551 74.87228 74.66255
78.43989 78.43664 78.456 78.49603 78.55207 78.61913 78.69175 78.76841 78.84347 78.91936 78.99691 79.07603 79.15694 79.23775 79.31758 79.39897 79.48662 79.58925 79.71765 79.88371 80.09061 80.32714 80.57657 80.82442 81.06004 81.2735 81.45586 81.59055 81.66251 81.66901 81.62601 81.56096 81.49722 81.44523 81.40607 81.37931 81.363 81.35907 81.37519 81.42033 81.51104 81.66784 81.91605 82.30226 82.91122 83.84228 85.12329 86.49987 87.23225 86.72534 85.35487 83.70452 82.22822 81.03358 80.0862 79.32999 78.71579 78.21045 77.78885 77.43076 77.11401 76.81144 76.50156 76.17763 75.85843 75.60212 75.48641
78.20717 78.20217 78.2318 78.29401 78.38181 78.48699 78.59989 78.71218 78.82043 78.92365 79.02264 79.11691 79.208 79.29679 79.38289 79.47001 79.56158 79.66337 79.78274 79.92411 80.08884 80.2702 80.45882 80.64635 80.82458 80.98465 81.1202 81.22133 81.28123 81.30022 81.28596 81.2525 81.2142 81.17865 81.14862 81.12716 81.11532 81.11623 81.13749 81.1885 81.28398 81.44302 81.69281 82.07869 82.67094 83.54688 84.71015 85.91378 86.53168 86.06905 84.82285 83.36275 82.0377 80.95064 80.08359 79.38921 78.82462 78.35726 77.96293 77.62201 77.31889 77.0345 76.75991 76.49199 76.24654 76.05436 75.95086
77.91186 77.89725 77.93533 78.02374 78.15311 78.3046 78.46401 78.62008 78.76556 78.89888 79.0203 79.13155 79.23524 79.33199 79.42442 79.51547 79.607 79.70274 79.80796 79.92622 80.05793 80.19884 80.34277 80.48431 80.61813 80.73707 80.83775 80.91404 80.96307 80.98615 80.98598 80.97131 80.95005 80.92701 80.90564 80.88955 80.88088 80.88417 80.90556 80.95407 81.04146 81.18452 81.40784 81.74538 82.24414 82.9392 83.79874 84.61794 84.99953 84.65865 83.75157 82.64533 81.59391 80.6952 79.95363 79.34672 78.84456 78.42478 78.06227 77.74355 77.45892 77.19344 76.9384 76.69551 76.47071 76.27682 76.12942
77.53773 77.50166 77.5453 77.66907 77.85119 78.06571 78.28658 78.49639 78.6856 78.85258 78.99891 79.12856 79.24426 79.3502 79.4493 79.54487 79.63598 79.72205 79.81049 79.90685 80.01224 80.12201 80.23174 80.33773 80.43652 80.52296 80.59594 80.65238 80.69144 80.71415 80.72118 80.71712 80.70706 80.69322 80.67795 80.66599 80.65981 80.66212 80.6787 80.71732 80.78773 80.90268 81.07964 81.34061 81.70892 82.18923 82.7347 83.20647 83.39084 83.15092 82.5557 81.79413 81.02573 80.33088 79.73271 79.22525 78.79448 78.42402 78.09881 77.8065 77.53935 77.28693 77.04247 76.8018 76.56232 76.32394 76.08776
77.06986 76.99368 77.03975 77.2084 77.46819 77.7701 78.07174 78.34838 78.58874 78.79318 78.96691 79.11375 79.24167 79.35624 79.46297 79.56578 79.65957 79.73438 79.80241 79.87812 79.96188 80.0476 80.13004 80.20717 80.2767 80.33555 80.38418 80.42292 80.45213 80.47321 80.48444 80.48727 80.48401 80.47648 80.46612 80.45637 80.44979 80.44839 80.45701 80.48094 80.52751 80.60641 80.72904 80.9046 81.1439 81.43582 81.74136 81.97717 82.03841 81.86227 81.47738 80.97192 80.43473 79.92196 79.45846 79.04919 78.68986 78.37148 78.0831 77.81794 77.56942 77.32801 77.08612 76.83418 76.56059 76.25118 75.89112
76.50483 76.3587 76.39886 76.6336 77.0046 77.42632 77.83193 78.18806 78.48597 78.7309 78.9303 79.09469 79.23296 79.35372 79.46545 79.57587 79.67606 79.73981 79.78805 79.84715 79.91498 79.98203 80.0424 80.09436 80.13683 80.16885 80.19371 80.21519 80.23588 80.25597 80.27119 80.27998 80.28233 80.27896 80.2713 80.26252 80.25337 80.24606 80.24388 80.25024 80.27026 80.30978 80.37556 80.47179 80.59988 80.74833 80.89061 80.98212 80.97236 80.83326 80.57771 80.2431 79.87534 79.50769 79.15937 78.83801 78.54657 78.27783 78.02617 77.78793 77.55829 77.32726 77.08566 76.81883 76.50668 76.12047 75.62127
75.87038 75.61617 75.64079 75.96643 76.48892 77.06331 77.591 78.03479 78.39106 78.67353 78.89774 79.0773 79.22314 79.34528 79.45393 79.56039 79.65766 79.71838 79.76355 79.81815 79.87842 79.93314 79.97485 80.00249 80.01626 80.01835 80.0155 80.01787 80.03178 80.05515 80.0777 80.09371 80.10133 80.10119 80.09486 80.08491 80.07228 80.05737 80.04199 80.0289 80.02109 80.02141 80.03368 80.05907 80.09721 80.14115 80.17498 80.1781 80.12805 80.0129 79.83621 79.6142 79.36732 79.10956 78.85593 78.60963 78.37737 78.15369 77.93771 77.72643 77.51537 77.29602 77.05701 76.78084 76.44135 75.99567 75.38566
75.26586 74.87591 74.87487 75.30913 76.0068 76.74423 77.39164 77.9145 78.32101 78.63498 78.87861 79.0693 79.21927 79.33746 79.43229 79.51643 79.59909 79.67081 79.73299 79.79581 79.85817 79.90817 79.93441 79.93525 79.91525 79.88048 79.84199 79.82153 79.83342 79.86819 79.90405 79.92954 79.94234 79.94501 79.93933 79.92777 79.91067 79.88701 79.85762 79.8232 79.78632 79.74831 79.71095 79.67558 79.64157 79.60591 79.5649 79.51135 79.43792 79.33926 79.21529 79.0693 78.90795 78.73489 78.55602 78.37439 78.19364 78.01115 77.82753 77.64017 77.44851 77.24311 77.01403 76.74149 76.39636 75.93415 75.28938
74.87097 74.36967 74.34502 74.86764 75.70095 76.55502 77.28167 77.85393 78.29006 78.62255 78.87791 79.07529 79.22716 79.33955 79.41467 79.46456 79.53239 79.6265 79.7107 79.78551 79.8571 79.91077 79.92387 79.8943 79.83588 79.75813 79.67656 79.6303 79.64697 79.70243 79.75626 79.79187 79.8102 79.81471 79.80928 79.79585 79.77311 79.73927 79.69402 79.63763 79.57166 79.49612 79.41412 79.32471 79.22975 79.13128 79.03325 78.94 78.85149 78.76487 78.6781 78.58748 78.49084 78.38421 78.26733 78.13847 78.00237 77.85484 77.70058 77.53617 77.36437 77.17718 76.96382 76.70868 76.38681 75.95913 75.37409
74.86569 74.35489 74.32985 74.86272 75.7073 76.56792 77.297 77.86989 78.30682 78.64069 78.89797 79.09806 79.2515 79.36285 79.42717 79.44946 79.50571 79.61775 79.70811 79.78275 79.859 79.91763 79.91962 79.86314 79.77496 79.66622 79.55299 79.48754 79.50871 79.57949 79.64545 79.68815 79.70998 79.71684 79.71124 79.69437 79.66346 79.6171 79.5535 79.47378 79.37801 79.26681 79.14198 79.00379 78.85462 78.70119 78.55528 78.42957 78.33096 78.25619 78.19772 78.15025 78.10706 78.05591 77.99026 77.9063 77.80519 77.68937 77.55901 77.41636 77.26304 77.09576 76.9057 76.68089 76.40331 76.04762 75.5845
75.2682 74.86035 74.85924 75.31297 76.03186 76.78113 77.43283 77.95624 78.36616 78.68356 78.93314 79.13141 79.2887 79.40945 79.4901 79.5327 79.59153 79.67698 79.73051 79.77644 79.83382 79.87944 79.87284 79.81368 79.72653 79.62245 79.51647 79.45274 79.46411 79.52251 79.58149 79.62431 79.6495 79.65995 79.65393 79.62994 79.58699 79.5237 79.44117 79.33543 79.20905 79.06276 78.89782 78.71449 78.51583 78.30939 78.116 77.96239 77.85888 77.7948 77.75869 77.74684 77.74837 77.74704 77.72581 77.67934 77.60667 77.51276 77.40059 77.27656 77.14092 76.99258 76.82787 76.63936 76.41684 76.14679 75.81989
75.90865 75.64392 75.67026 76.01058 76.5484 77.13093 77.66093 78.10661 78.46579 78.75397 78.98626 79.17692 79.33556 79.46944 79.58229 79.68066 79.7635 79.78792 79.77061 79.76561 79.78458 79.80369 79.79391 79.75216 79.68984 79.61582 79.54261 79.49574 79.49313 79.5238 79.56374 79.60214 79.63439 79.65303 79.645 79.60763 79.54465 79.45889 79.35162 79.2187 79.0613 78.88039 78.6797 78.45855 78.21469 77.95692 77.71455 77.53577 77.43578 77.3817 77.3558 77.3717 77.41903 77.46472 77.4822 77.46294 77.41082 77.33138 77.2333 77.12064 76.99902 76.86815 76.72664 76.57343 76.40469 76.21478 76.00642
76.5808 76.43615 76.4801 76.72128 77.09727 77.52071 77.92729 78.28523 78.58708 78.8382 79.04713 79.22385 79.37735 79.51621 79.64843 79.78062 79.88457 79.87352 79.79648 79.74656 79.73355 79.73383 79.72493 79.70081 79.66412 79.62061 79.57794 79.5489 79.5405 79.55177 79.57397 79.60793 79.65109 79.68501 79.67523 79.61626 79.52674 79.41592 79.28395 79.12453 78.93646 78.7224 78.49052 78.2431 77.96851 77.66469 77.37234 77.17165 77.09063 77.03746 76.99412 77.03163 77.12803 77.21748 77.2633 77.25998 77.2168 77.14487 77.05228 76.94643 76.83247 76.71349 76.59024 76.46507 76.34104 76.21822 76.10054
77.16118 77.09645 77.14933 77.32184 77.582 77.88473 78.18822 78.46835 78.71518 78.92768 79.10966 79.2665 79.40562 79.53448 79.65913 79.77945 79.86637 79.84948 79.76081 79.69981 79.67966 79.67728 79.67413 79.66443 79.64776 79.62728 79.60714 79.59306 79.5875 79.58855 79.59711 79.62114 79.66444 79.70479 79.69403 79.62111 79.51324 79.38485 79.23475 79.05446 78.84003 78.59484 78.33736 78.08064 77.79987 77.47323 77.14453 76.9297 76.88015 76.79614 76.69942 76.7643 76.90575 77.02063 77.07428 77.07055 77.02439 76.94914 76.85542 76.74876 76.63529 76.52005 76.40607 76.30006 76.20776 76.13445 76.08461
77.60741 77.59013 77.64867 77.78081 77.96986 78.19196 78.42189 78.6423 78.84291 79.02001 79.17372 79.30582 79.42281 79.52987 79.626 79.70661 79.74616 79.71232 79.64237 79.6109 79.61496 79.62777 79.63632 79.63924 79.63685 79.63494 79.63285 79.63371 79.63474 79.63197 79.62679 79.63014 79.64998 79.6729 79.6586 79.59052 79.48579 79.35624 79.20213 79.01373 78.78588 78.52157 78.24876 77.99555 77.72897 77.414 77.0955 76.88936 76.83286 76.69836 76.57443 76.64857 76.78488 76.88026 76.91087 76.88698 76.82562 76.73951 76.63673 76.52249 76.40074 76.27809 76.16034 76.05884 75.98373 75.94397 75.94484
77.92343 77.93436 77.99954 78.11364 78.26632 78.44193 78.6251 78.80337 78.96878 79.11613 79.24296 79.34911 79.43945 79.51873 79.5847 79.62715 79.62162 79.55424 79.49153 79.50662 79.55168 79.58752 79.60946 79.6233 79.63383 79.64754 79.66366 79.68343 79.69736 79.69547 79.67458 79.64896 79.63335 79.62444 79.59962 79.54159 79.45194 79.33656 79.19299 79.01294 78.79193 78.53455 78.26726 78.01649 77.75875 77.47221 77.19668 77.00509 76.89555 76.76085 76.65987 76.68157 76.74503 76.77531 76.75581 76.69543 76.60904 76.50567 76.38944 76.26217 76.1246 75.98202 75.84271 75.72479 75.6475 75.62904 75.67362
78.12322 78.15089 78.22779 78.34462 78.48669 78.64208 78.79954 78.9522 79.0937 79.21845 79.32194 79.40207 79.46353 79.5155 79.5616 79.58655 79.56319 79.4875 79.4283 79.45825 79.51997 79.56621 79.59452 79.61502 79.63396 79.66158 79.69774 79.74174 79.77769 79.78181 79.7433 79.68472 79.63293 79.59553 79.55851 79.507 79.43559 79.34051 79.21854 79.05928 78.86081 78.62707 78.37571 78.12287 77.8632 77.59628 77.34957 77.15704 77.01079 76.87949 76.7806 76.73643 76.7089 76.65856 76.57778 76.47451 76.36007 76.23877 76.10882 75.96496 75.80322 75.62359 75.43878 75.27473 75.17118 75.15902 75.2485
78.22984 78.26485 78.36301 78.50173 78.65472 78.80697 78.95444 79.09387 79.22218 79.33352 79.42047 79.47635 79.50587 79.53004 79.5695 79.5993 79.58438 79.52855 79.48374 79.49503 79.53513 79.56981 79.59302 79.6129 79.63567 79.67263 79.72517 79.79318 79.85355 79.86505 79.80853 79.71965 79.6412 79.58514 79.54412 79.50126 79.45099 79.38307 79.29051 79.1613 78.99068 78.77952 78.53847 78.27996 78.01152 77.74633 77.50215 77.29502 77.12123 76.96922 76.83927 76.72894 76.61739 76.48986 76.34801 76.20287 76.06384 75.93066 75.79211 75.6338 75.44067 75.20542 74.93976 74.68604 74.51484 74.49303 74.64181
78.27286 78.31017 78.44115 78.61983 78.79566 78.95399 79.09769 79.23425 79.36007 79.46979 79.5516 79.59326 79.59607 79.59624 79.636 79.67589 79.67062 79.63 79.59022 79.57689 79.58386 79.59431 79.60269 79.61447 79.63375 79.67184 79.72997 79.80798 79.87865 79.89229 79.82687 79.72732 79.64195 79.58501 79.55141 79.52849 79.50732 79.47706 79.42496 79.334 79.19299 78.99751 78.75523 78.48059 78.19045 77.90533 77.6401 77.40465 77.19597 77.0052 76.82426 76.64335 76.45106 76.246 76.04188 75.85713 75.70223 75.56969 75.43619 75.27262 75.04819 74.7393 74.34928 73.93787 73.63319 73.58 73.82345
