tethysapp/magdalena_cauca_data_viewer/public/raster/hr.asc
ncols         279
nrows         512
xllcorner     -77.443335897482
yllcorner     1.3064112990023
cellsize      0.020005794964035
NODATA_value  -9999
[rows 240 to 269 of 512, columns 67 to 133 of 279]
-9999 -9999 -9999 -9999 -9999 -9999 80.85575 80.87109 80.88245 80.88914 80.89143 80.89273 80.89793 80.90501 80.91546 80.92522 80.93338 80.94219 80.95221 80.96928 80.99008 81.01575 81.04803 81.08822 81.13646 81.19067 81.25127 81.31791 81.39005 81.46655 81.54726 81.63086 81.71756 81.80595 81.89673 81.98841 82.08053 82.17216 82.26275 82.35137 82.43634 82.51627 82.59007 82.65556 82.71077 82.7556 82.79079 82.8203 82.84835 82.87802 82.91214 82.94893 82.98811 83.03119 83.08099 83.14294 83.2196 83.32194 83.45561 83.6291 83.84846 84.11578 84.41841 84.71585 84.93073 84.97237 84.81207
-9999 -9999 -9999 -9999 -9999 -9999 80.84563 80.86218 80.87569 80.88409 80.88812 80.89141 80.89896 80.90692 80.91658 80.92264 80.9253 80.92717 80.92975 80.939 80.95259 80.97178 80.99833 81.03376 81.07806 81.12911 81.18739 81.2523 81.32353 81.39967 81.48067 81.56512 81.65329 81.7439 81.83686 81.93079 82.0259 82.1211 82.21525 82.30822 82.39756 82.48225 82.56149 82.63292 82.69493 82.74733 82.79038 82.82645 82.85786 82.88626 82.91518 82.94525 82.97678 83.01289 83.05544 83.10901 83.17519 83.26221 83.3742 83.51504 83.6876 83.88812 84.10183 84.29585 84.42101 84.43441 84.33627
-9999 -9999 -9999 -9999 -9999 80.81269 80.83288 80.85105 80.86682 80.87826 80.88766 80.89716 80.90955 80.92062 80.92914 80.9307 80.92543 80.91765 80.91002 80.90929 80.91367 80.92502 80.94502 80.97517 81.01539 81.06343 81.1197 81.18352 81.25451 81.33118 81.41337 81.49962 81.58998 81.68346 81.77975 81.87733 81.97659 82.07635 82.17593 82.27444 82.36994 82.46169 82.54823 82.62775 82.69794 82.75826 82.80798 82.84844 82.88084 82.9064 82.92976 82.95199 82.97519 83.00269 83.03619 83.07963 83.13238 83.20267 83.29124 83.40057 83.5304 83.67605 83.82534 83.95645 84.04194 84.0639 84.02793
-9999 -9999 -9999 -9999 -9999 80.79684 80.81899 80.84044 80.86067 80.87935 80.89845 80.91803 80.93922 80.95397 80.9609 80.95495 80.93827 80.91637 80.89452 80.88046 80.87324 80.87509 80.8875 80.91176 80.94766 80.99279 81.04728 81.11052 81.18206 81.2601 81.34444 81.43319 81.5267 81.62392 81.72443 81.82691 81.93127 82.03687 82.14327 82.24911 82.35314 82.45396 82.55039 82.64026 82.72109 82.79097 82.84802 82.89207 82.92361 82.94423 82.95939 82.97195 82.9851 83.00229 83.0254 83.05717 83.09602 83.14857 83.21498 83.29591 83.39043 83.49533 83.60255 83.70121 83.77999 83.83243 83.85761
-9999 -9999 -9999 -9999 80.7559 80.78015 80.80598 80.833 80.86224 80.89316 80.92821 80.96385 80.99784 81.01843 81.02182 81.00361 80.96863 80.92648 80.88448 80.85274 80.83093 80.82117 80.82471 80.84257 80.87385 80.91605 80.9692 81.03243 81.10483 81.18501 81.27223 81.36477 81.4625 81.5644 81.66995 81.77834 81.88922 82.00196 82.11598 82.23132 82.3454 82.45783 82.56717 82.67064 82.76533 82.84812 82.91453 82.96238 82.99127 83.00336 83.00671 83.0064 83.00687 83.0121 83.02319 83.04206 83.06655 83.10236 83.14802 83.20454 83.27068 83.34488 83.42419 83.50475 83.58453 83.66116 83.72359
-9999 -9999 -9999 -9999 80.73466 80.76251 80.79362 80.82953 80.87162 80.922 80.9797 81.0406 81.09474 81.12511 81.12252 81.08459 81.02178 80.9494 80.88025 80.82531 80.78551 80.76204 80.75546 80.76609 80.79262 80.83208 80.88431 80.94815 81.02258 81.10592 81.19704 81.29432 81.39735 81.50483 81.61642 81.73137 81.84938 81.97043 82.09374 82.21922 82.34566 82.47182 82.5966 82.71724 82.83006 82.93005 83.00984 83.06275 83.08677 83.0861 83.07298 83.05595 83.04123 83.03288 83.03075 83.03667 83.04684 83.06669 83.09434 83.12941 83.17194 83.22144 83.27827 83.34237 83.41468 83.4914 83.55526
-9999 -9999 -9999 -9999 80.71167 80.7421 80.78024 80.82704 80.886 80.9606 81.04984 81.14656 81.23295 81.28078 81.27122 81.20322 81.09842 80.9838 80.87831 80.79468 80.73381 80.69499 80.67728 80.68027 80.7019 80.73885 80.7906 80.85586 80.93334 81.02103 81.11754 81.22077 81.33001 81.44419 81.56243 81.6847 81.81074 81.94064 82.07423 82.21163 82.35114 82.49257 82.63497 82.77589 82.91101 83.0337 83.13195 83.1925 83.20914 83.19011 83.15495 83.1179 83.08601 83.06308 83.04765 83.04033 83.03709 83.04171 83.05255 83.06912 83.09122 83.119 83.15458 83.19945 83.25421 83.31274 83.35764
-9999 -9999 -9999 -9999 80.68501 80.71835 80.76186 80.82006 80.89669 80.99817 81.12498 81.2684 81.40189 81.48004 81.46473 81.35404 81.19032 81.02028 80.87106 80.75533 80.67169 80.61649 80.58752 80.58269 80.59949 80.63424 80.68617 80.75385 80.83567 80.92922 81.03274 81.14352 81.2605 81.38211 81.50774 81.63774 81.772 81.91137 82.05585 82.20591 82.35978 82.51738 82.67805 82.83981 82.99907 83.14789 83.26929 83.34003 83.34708 83.30492 83.24477 83.18708 83.1391 83.10239 83.07452 83.0543 83.03812 83.02892 83.02413 83.0236 83.02698 83.03497 83.04983 83.07386 83.10758 83.14408 83.16748
-9999 -9999 -9999 80.62574 80.65172 80.688 80.73536 80.80093 80.89252 81.01769 81.18087 81.37405 81.56272 81.68672 81.67606 81.50761 81.27026 81.03808 80.84381 80.69699 80.5919 80.52217 80.48262 80.47024 80.48241 80.51535 80.56833 80.63947 80.72733 80.82886 80.94157 81.0621 81.1885 81.31873 81.45222 81.5896 81.73222 81.8811 82.037 82.20019 82.36892 82.54244 82.72028 82.90057 83.07992 83.25057 83.39238 83.4724 83.47 83.40754 83.32818 83.25621 83.19688 83.14955 83.1104 83.07855 83.04987 83.0271 83.00781 82.99108 82.97661 82.96511 82.95992 82.96485 82.98119 83.00049 83.00896
-9999 -9999 -9999 80.58997 80.61376 80.64772 80.69598 80.76381 80.86105 80.99923 81.18526 81.41425 81.64111 81.77547 81.85293 81.59422 81.28723 81.00449 80.7769 80.60807 80.48765 80.40642 80.35802 80.33938 80.34718 80.37864 80.43333 80.50956 80.60558 80.71783 80.84286 80.9762 81.11416 81.25433 81.39579 81.54005 81.68998 81.84808 82.01559 82.19271 82.3767 82.5659 82.7585 82.9517 83.14091 83.31783 83.46209 83.54105 83.53549 83.47202 83.39368 83.32113 83.25797 83.20362 83.15547 83.11229 83.07145 83.03536 83.00153 82.96895 82.93633 82.90485 82.88032 82.87089 82.87743 82.88894 82.88937
-9999 -9999 -9999 80.55455 80.57332 80.60109 80.64273 80.7046 80.79513 80.92658 81.10819 81.33961 81.57926 81.72983 81.76813 81.50715 81.17973 80.88551 80.65218 80.47843 80.35224 80.26477 80.2102 80.18572 80.18977 80.22015 80.27709 80.36011 80.46677 80.59361 80.73523 80.88565 81.03931 81.19127 81.34052 81.4901 81.64549 81.8118 81.99134 82.18342 82.38398 82.58916 82.79508 82.99663 83.1858 83.35178 83.47665 83.54166 83.54415 83.50524 83.44923 83.38825 83.32691 83.26763 83.21096 83.15713 83.10413 83.05472 83.00626 82.95751 82.90607 82.85316 82.80907 82.78967 82.79667 82.80882 82.80518
-9999 -9999 80.50356 80.51081 80.52297 80.54255 80.57316 80.62035 80.69082 80.79362 80.93653 81.11969 81.31613 81.44752 81.40853 81.19004 80.91382 80.66364 80.46037 80.30315 80.18308 80.09493 80.03594 80.00587 80.00529 80.03396 80.09378 80.18516 80.30637 80.4526 80.61769 80.79243 80.96729 81.13406 81.29025 81.44135 81.59837 81.77117 81.96365 82.17313 82.39291 82.61662 82.83807 83.04918 83.23918 83.39493 83.5027 83.55901 83.57537 83.56376 83.52966 83.47794 83.41582 83.34993 83.28383 83.21863 83.15289 83.08932 83.02586 82.96021 82.88969 82.81593 82.75433 82.73047 82.74378 82.75925 82.7504
-9999 80.46693 80.46461 80.46532 80.46893 80.4773 80.49258 80.51766 80.55627 80.61198 80.685 80.77011 80.84677 80.87223 80.80762 80.66935 80.50767 80.35158 80.20975 80.08639 79.98141 79.89585 79.83266 79.79573 79.78845 79.8136 79.87545 79.97668 80.11592 80.28877 80.48612 80.6952 80.90064 81.08785 81.25043 81.39669 81.54871 81.7255 81.93241 82.16315 82.40645 82.65334 82.8963 83.12643 83.33199 83.49967 83.61775 83.68574 83.71334 83.70689 83.6693 83.60751 83.53208 83.45293 83.37422 83.29646 83.21704 83.13888 83.05975 82.97839 82.89301 82.80636 82.73678 82.71155 82.72424 82.73318 82.71371
80.43714 80.43182 80.42368 80.41745 80.41179 80.40724 80.40469 80.40446 80.40528 80.40512 80.39391 80.35754 80.27725 80.15919 80.0658 80.03702 80.02579 79.98913 79.92286 79.84022 79.75218 79.66877 79.59884 79.55131 79.53284 79.5505 79.61197 79.7234 79.8853 80.09283 80.33396 80.59128 80.84148 81.05939 81.22881 81.3611 81.49778 81.67545 81.89989 82.15652 82.42835 82.70391 82.97649 83.23943 83.48331 83.69505 83.85857 83.9601 83.99296 83.96227 83.88564 83.78521 83.67939 83.57886 83.48458 83.39335 83.2999 83.20605 83.11052 83.01493 82.92017 82.83115 82.76334 82.73344 82.72987 82.71929 82.68353
-9999 80.39713 80.3844 80.37067 80.35567 80.33825 80.31779 80.29233 80.25693 80.2038 80.11635 79.97235 79.75464 79.50725 79.37947 79.44245 79.564 79.63242 79.63107 79.58125 79.50375 79.41643 79.33373 79.26878 79.23209 79.23512 79.29094 79.41103 79.59931 79.85059 80.14886 80.47026 80.78301 81.04755 81.22979 81.33973 81.45057 81.62731 81.87299 82.15961 82.46262 82.77042 83.07909 83.3881 83.6934 83.98341 84.23128 84.39204 84.42387 84.33335 84.17548 84.00485 83.85181 83.7244 83.61529 83.51204 83.40369 83.29176 83.17819 83.06803 82.96522 82.87527 82.80737 82.7658 82.73812 82.70381 82.65175
-9999 -9999 80.34698 80.32717 80.30303 80.27415 80.23791 80.1912 80.12677 80.03466 79.89563 79.6889 79.40469 79.10494 78.95856 79.04578 79.21803 79.33395 79.36245 79.32395 79.24305 79.14144 79.03701 78.94558 78.88052 78.85771 78.89761 79.02091 79.23843 79.54376 79.91298 80.31238 80.70103 81.02692 81.2356 81.32991 81.41747 81.5964 81.86496 82.18077 82.5129 82.85055 83.19621 83.55824 83.94225 84.3427 84.72221 84.98317 85.00682 84.80476 84.51368 84.24264 84.032 83.88107 83.7651 83.65403 83.52934 83.39452 83.25858 83.13055 83.01604 82.91888 82.84249 82.78455 82.73483 82.68054 82.61546
-9999 -9999 -9999 80.28837 80.25821 80.22027 80.17188 80.10966 80.02636 79.91207 79.7521 79.53294 79.25809 78.98809 78.84864 78.89632 79.02599 79.11787 79.13116 79.07661 78.97404 78.84557 78.7095 78.58186 78.47649 78.41236 78.41908 78.53419 78.7828 79.15588 79.611 80.09562 80.55879 80.94447 81.19368 81.3075 81.40521 81.59849 81.88746 82.22566 82.57867 82.93673 83.31055 83.72223 84.19025 84.71684 85.26739 85.68452 85.69015 85.30907 84.84112 84.45717 84.19404 84.03527 83.93137 83.8205 83.67352 83.50655 83.34237 83.19299 83.06256 82.95243 82.86219 82.7869 82.71838 82.6492 82.57426
-9999 -9999 80.28664 80.25577 80.21869 80.17452 80.11853 80.04736 79.95496 79.83458 79.67686 79.47791 79.24876 79.03598 78.9104 78.89984 78.94479 78.96788 78.93149 78.83672 78.69633 78.52853 78.35199 78.18143 78.02769 77.90656 77.85525 77.94113 78.22321 78.68706 79.24844 79.82036 80.34355 80.77233 81.06876 81.24546 81.40126 81.62916 81.93813 82.29108 82.65365 83.0155 83.39796 83.84597 84.39178 85.02398 85.69913 86.25675 86.22938 85.66908 85.06291 84.60153 84.31187 84.17285 84.10993 84.00655 83.81775 83.60643 83.41335 83.24368 83.09737 82.97328 82.86844 82.77786 82.69507 82.61443 82.53231
-9999 -9999 -9999 80.23196 80.19048 80.14071 80.07959 80.00537 79.9113 79.79457 79.64997 79.47979 79.29539 79.12617 79.00552 78.94292 78.90588 78.85036 78.7488 78.59814 78.40575 78.18826 77.96483 77.75106 77.5542 77.37559 77.24409 77.26894 77.58842 78.18222 78.87646 79.53221 80.09615 80.55211 80.8954 81.15045 81.38567 81.66357 81.99758 82.36276 82.72458 83.06641 83.42299 83.88826 84.52349 85.25136 85.89305 86.31285 86.2364 85.70129 85.11031 84.64812 84.36677 84.26567 84.26615 84.17567 83.90276 83.65357 83.45046 83.27121 83.11462 82.97969 82.86321 82.76041 82.66713 82.57795 82.49007
-9999 -9999 -9999 -9999 80.17255 80.12034 80.05752 79.98166 79.89017 79.77996 79.6497 79.503 79.34834 79.20128 79.07472 78.96953 78.86593 78.73857 78.56873 78.35315 78.09634 77.81618 77.53795 77.28736 77.07685 76.88822 76.70197 76.64102 76.99982 77.77218 78.60783 79.3148 79.88498 80.34757 80.7252 81.04491 81.35059 81.68001 82.0435 82.42202 82.7757 83.06857 83.3451 83.80386 84.58575 85.54087 86.24169 86.32857 86.02616 85.54276 85.02752 84.61012 84.35329 84.26924 84.28797 84.19291 83.83455 83.6236 83.44444 83.2705 83.11218 82.97186 82.84821 82.73732 82.6358 82.54044 82.44794
-9999 -9999 -9999 -9999 -9999 80.10979 80.04688 79.97269 79.88403 79.78181 79.66277 79.53107 79.39124 79.25038 79.11102 78.97009 78.81282 78.62318 78.38625 78.09879 77.76331 77.39972 77.04464 76.74931 76.56116 76.47274 76.38773 76.31815 76.71731 77.68432 78.59125 79.24692 79.75586 80.19086 80.57924 80.93897 81.2952 81.66779 82.06036 82.45227 82.79521 83.02456 83.17957 83.60964 84.53914 85.80001 86.79516 86.6802 85.99072 85.38033 84.88647 84.51366 84.27893 84.1759 84.1337 84.00261 83.75562 83.5722 83.40849 83.24519 83.09155 82.95123 82.82411 82.70861 82.60232 82.50198 82.40585
-9999 -9999 -9999 -9999 -9999 80.11292 80.05147 79.97931 79.89437 79.79668 79.68503 79.56053 79.42561 79.28251 79.12765 78.95515 78.75377 78.50969 78.20802 77.841 77.40775 76.92574 76.43949 76.03374 75.82874 75.90335 76.146 76.37048 76.93804 78.04291 78.85938 79.31734 79.69675 80.07482 80.45211 80.82922 81.21686 81.62276 82.04127 82.44701 82.78651 82.99281 83.11493 83.50912 84.3379 85.48437 86.41762 86.35129 85.71844 85.13461 84.69291 84.37366 84.16309 84.04063 83.95452 83.83581 83.67271 83.50976 83.3545 83.20176 83.0555 82.9186 82.79146 82.67412 82.56474 82.46112 82.36218
-9999 -9999 -9999 -9999 80.1739 80.12434 80.06551 79.99622 79.915 79.82074 79.71333 79.59192 79.45678 79.30706 79.13696 78.9389 78.70124 78.40959 78.04604 77.59641 77.04715 76.40083 75.69011 75.01279 74.56952 74.6203 75.2091 76.01664 77.02115 78.24947 79.01522 79.34448 79.63546 79.96725 80.32505 80.70406 81.10989 81.543 81.98974 82.41868 82.77771 83.02195 83.20203 83.49316 83.98492 84.68898 85.31583 85.42786 85.13807 84.76761 84.44917 84.20629 84.03276 83.91148 83.81222 83.70341 83.57455 83.43548 83.29353 83.15143 83.01273 82.87988 82.75416 82.63595 82.5246 82.41892 82.31783
-9999 -9999 -9999 80.23001 80.19164 80.14564 80.0905 80.02494 79.94737 79.85646 79.7515 79.63074 79.49314 79.3357 79.15353 78.93549 78.67007 78.34034 77.92424 77.39637 76.72492 75.88084 74.85043 73.68441 72.61402 72.19434 72.98401 74.61205 76.31618 77.76942 78.69272 79.17351 79.51617 79.84175 80.1795 80.5498 80.96632 81.4268 81.9121 82.38867 82.8096 83.13305 83.33736 83.42432 83.55643 83.93777 84.37514 84.58373 84.54005 84.37612 84.1944 84.03765 83.91297 83.81113 83.71586 83.61283 83.49662 83.37003 83.23737 83.10247 82.96895 82.83894 82.71431 82.59576 82.48286 82.37543 82.27257
-9999 -9999 80.28064 80.25276 80.21893 80.17769 80.12747 80.06659 79.99304 79.90524 79.802 79.68102 79.54077 79.37772 79.18656 78.95558 78.67251 78.3185 77.86652 77.28103 76.51017 75.48677 74.12901 72.3857 70.43715 69.18749 70.06718 72.6711 75.22761 77.07193 78.24199 78.93604 79.37205 79.69564 80.00091 80.35186 80.77618 81.26872 81.80577 82.35714 82.88947 83.36461 83.66418 83.44785 83.17737 83.4837 83.8245 84.03323 84.09131 84.05307 83.97861 83.90252 83.83182 83.75928 83.67387 83.57131 83.45382 83.32645 83.19389 83.05971 82.92745 82.79823 82.6729 82.55342 82.4392 82.32986 82.22513
-9999 -9999 80.30593 80.28356 80.25587 80.22111 80.17735 80.1225 80.0539 79.96951 79.86783 79.74663 79.60429 79.43767 79.24146 79.00574 78.71698 78.35604 77.89362 77.28839 76.47652 75.36773 73.83804 71.77424 69.32898 67.61017 68.49674 71.55956 74.56927 76.68043 78.0135 78.81139 79.26545 79.53545 79.77623 80.09892 80.53435 81.06419 81.65748 82.28848 82.94032 83.60233 84.20543 84.14423 83.29401 83.40076 83.583 83.72511 83.80273 83.82971 83.83321 83.83093 83.81841 83.77857 83.69849 83.58382 83.44966 83.30804 83.16561 83.02532 82.88953 82.75817 82.63145 82.50996 82.39376 82.28246 82.17531
-9999 -9999 -9999 80.32052 80.30114 80.27511 80.24009 80.19324 80.13137 80.05148 79.95158 79.83055 79.68637 79.51759 79.32105 79.0871 78.80531 78.45689 78.01379 77.43704 76.66434 75.6116 74.17172 72.27737 70.15229 68.79486 69.57245 72.12162 74.7868 76.76984 78.06293 78.82697 79.20267 79.34743 79.49255 79.79652 80.25445 80.82208 81.45984 82.13918 82.84216 83.54549 84.13646 84.18143 83.66402 83.46765 83.48239 83.55347 83.62716 83.69446 83.76334 83.83623 83.89075 83.88332 83.79319 83.64544 83.47644 83.30837 83.14815 82.99598 82.85277 82.71688 82.58714 82.46339 82.34458 82.23091 82.121
-9999 -9999 -9999 80.36741 80.35835 80.3438 80.32043 80.28373 80.23056 80.15588 80.05725 79.93451 79.78757 79.61716 79.423 79.19772 78.93369 78.61609 78.22127 77.71839 77.05908 76.18553 75.04113 73.63909 72.23384 71.48685 72.06692 73.74532 75.64693 77.20139 78.27543 78.90143 79.13866 79.10888 79.16728 79.49889 79.98315 80.57543 81.23206 81.91288 82.58327 83.19183 83.61979 83.70873 83.54592 83.4157 83.39384 83.43938 83.51828 83.62031 83.74858 83.8983 84.02474 84.04495 83.92614 83.72736 83.51404 83.31489 83.13451 82.96938 82.81821 82.6769 82.54351 82.41678 82.29546 82.17818 82.06639
-9999 -9999 -9999 80.4196 80.42374 80.42439 80.41673 80.39529 80.35372 80.28524 80.18679 80.05895 79.90621 79.73222 79.54102 79.3289 79.09053 78.81747 78.49298 78.09684 77.59884 76.96814 76.18697 75.30077 74.50072 74.14053 74.50342 75.48006 76.67245 77.74045 78.52316 78.97005 79.08339 78.94268 78.9868 79.32153 79.783 80.37244 81.01968 81.66639 82.26863 82.77744 83.12807 83.27947 83.28771 83.2677 83.28453 83.34568 83.4427 83.57321 83.74255 83.94366 84.11766 84.15229 84.009 83.77364 83.52979 83.30916 83.11422 82.93881 82.78077 82.63438 82.49707 82.36697 82.24274 82.12341 82.00769
-9999 -9999 -9999 -9999 80.49796 80.51757 80.53111 80.52967 80.50384 80.44329 80.34249 80.20455 80.03933 79.85676 79.66611 79.46786 79.26048 79.04019 78.79836 78.52585 78.20821 77.83152 77.38839 76.90279 76.47047 76.26083 76.41514 76.91175 77.58566 78.2467 78.7595 79.05067 79.11874 79.09895 79.17087 79.29343 79.69147 80.25699 80.87059 81.46421 81.99663 82.43481 82.75131 82.94114 83.03901 83.10199 83.17278 83.26704 83.38628 83.53206 83.70819 83.90514 84.06734 84.09819 83.96472 83.73996 83.50045 83.2784 83.07962 82.90066 82.73854 82.58875 82.4484 82.31513 82.18845 82.06571 81.94645
