tethysapp/magdalena_cauca_data_viewer/public/raster/hr.asc
ncols         279
nrows         512
xllcorner     -77.443335897482
yllcorner     1.3064112990023
cellsize      0.020005794964035
NODATA_value  -9999
[rows 240 to 269 of 512, columns 134 to 200 of 279]
84.52494 84.20288 83.88486 83.57912 83.29176 83.03266 82.80865 82.63322 82.51298 82.44001 82.38937 82.33017 82.24835 82.14864 82.04056 81.9324 81.82912 81.73393 81.64684 81.56792 81.49797 81.43346 81.37591 81.32354 81.27593 81.23104 81.18922 81.14928 81.11088 81.07365 81.03812 81.00521 80.97694 80.95646 80.9477 80.9534 80.97446 81.00861 81.05217 81.10015 81.14941 81.19447 81.23515 81.27122 81.30428 81.33553 81.36401 81.38939 81.40478 81.41004 81.40193 81.38107 81.35397 81.33323 81.32881 81.35278 81.42025 81.54377 81.73364 81.99306 82.29536 82.56824 82.69876 82.60086 82.3009 81.91973 81.57639
84.17065 83.96899 83.73667 83.48136 83.22113 82.97636 82.76138 82.59261 82.47973 82.41768 82.3745 82.31628 82.231 82.1265 82.01311 81.90111 81.79577 81.69915 81.61288 81.53586 81.46877 81.40717 81.35365 81.30559 81.26083 81.21928 81.17967 81.1421 81.10455 81.06661 81.02908 80.99236 80.95919 80.93404 80.92306 80.93115 80.95966 81.00494 81.0608 81.12117 81.17941 81.22919 81.26632 81.29127 81.30692 81.31628 81.32205 81.3261 81.32362 81.31596 81.30358 81.28597 81.26827 81.25937 81.26808 81.30676 81.38923 81.53015 81.74308 82.03577 82.38363 82.70665 82.86658 82.74883 82.3802 81.90536 81.46208
83.95005 83.82238 83.63516 83.40494 83.1613 82.93016 82.72693 82.56709 82.46152 82.39965 82.35202 82.28733 82.196 82.08566 81.969 81.85441 81.74795 81.65183 81.56748 81.4937 81.4308 81.3753 81.32644 81.28249 81.24338 81.20564 81.16969 81.13435 81.09866 81.06105 81.02189 80.98176 80.94347 80.91297 80.89903 80.9094 80.94612 81.00365 81.07385 81.14867 81.21918 81.27633 81.31257 81.32691 81.32499 81.31414 81.29889 81.28393 81.2673 81.2478 81.22971 81.21076 81.19523 81.19131 81.20532 81.24743 81.33125 81.47092 81.67865 81.96229 82.29774 82.60712 82.75484 82.62614 82.24055 81.73477 81.24164
83.83927 83.74281 83.56458 83.33974 83.10543 82.88764 82.69698 82.54873 82.4443 82.37383 82.31253 82.23668 82.13863 82.02488 81.90563 81.7907 81.68465 81.59044 81.50961 81.4408 81.3838 81.33484 81.29244 81.25552 81.22182 81.19065 81.15941 81.12775 81.09468 81.05897 81.02005 80.97833 80.93676 80.90245 80.88644 80.89916 80.94305 81.01151 81.09485 81.18404 81.26849 81.33435 81.37067 81.37426 81.35464 81.32367 81.28944 81.25819 81.22799 81.19934 81.1731 81.15022 81.13338 81.12778 81.1392 81.17547 81.24786 81.36785 81.54306 81.77763 82.04573 82.28037 82.37392 82.23745 81.88085 81.40379 80.91064
83.73417 83.64868 83.47526 83.25852 83.03851 82.83587 82.66129 82.52058 82.41324 82.32973 82.25196 82.16333 82.05906 81.94254 81.82245 81.70692 81.60197 81.51085 81.43585 81.37357 81.32537 81.285 81.25208 81.22346 81.19798 81.17357 81.14851 81.12238 81.09367 81.06172 81.02536 80.98535 80.94477 80.9111 80.896 80.91087 80.95876 81.03313 81.12449 81.22372 81.31908 81.3927 81.42793 81.42118 81.38525 81.33691 81.28679 81.242 81.20082 81.16338 81.13029 81.10067 81.07806 81.0667 81.06989 81.09357 81.14475 81.23189 81.35766 81.52096 81.6964 81.83224 81.85546 81.7081 81.39254 80.96709 80.50074
83.56686 83.49155 83.33928 83.14868 82.95381 82.77186 82.6116 82.4766 82.36455 82.26757 82.1744 82.07397 81.9616 81.8411 81.71861 81.60236 81.4982 81.41119 81.34235 81.29005 81.25248 81.2246 81.2032 81.18595 81.17043 81.15461 81.13754 81.11793 81.0956 81.06907 81.03819 81.00389 80.96935 80.94128 80.93068 80.94762 80.99525 81.06856 81.15964 81.26009 81.35772 81.43248 81.46478 81.45046 81.40405 81.34492 81.28444 81.23017 81.18055 81.13541 81.09631 81.05952 81.02854 81.00778 80.99879 81.00471 81.03082 81.07968 81.15035 81.24003 81.32572 81.37061 81.32929 81.16667 80.88048 80.49934 80.06042
83.35842 83.29444 83.17281 83.01775 82.85312 82.69335 82.54694 82.41638 82.29993 82.19219 82.08537 81.9721 81.85023 81.72215 81.59378 81.47329 81.36934 81.28582 81.22572 81.18591 81.16367 81.15171 81.14603 81.1427 81.13946 81.13416 81.12625 81.11482 81.09982 81.08029 81.05738 81.03175 81.00632 80.98724 80.98327 81.00191 81.04606 81.11256 81.19505 81.28616 81.37431 81.44092 81.46796 81.45107 81.40359 81.34314 81.27902 81.22005 81.1652 81.11456 81.06885 81.02438 80.98515 80.95327 80.92997 80.91581 80.91451 80.92615 80.94548 80.97076 80.9827 80.95583 80.86357 80.68349 80.41132 80.05736 79.63735
83.15833 83.10402 83.00851 82.88436 82.7469 82.60738 82.47286 82.34534 82.22559 82.10812 81.98877 81.86237 81.72782 81.58714 81.44699 81.31796 81.20913 81.1288 81.07972 81.0575 81.05595 81.06522 81.07968 81.09377 81.10495 81.11207 81.11431 81.11198 81.10549 81.09451 81.08069 81.06481 81.04981 81.04079 81.04331 81.06339 81.10275 81.1593 81.22831 81.30292 81.37341 81.42505 81.44502 81.42943 81.38766 81.33247 81.2713 81.21251 81.15443 81.0994 81.04783 80.99621 80.94772 80.90432 80.8655 80.83183 80.80457 80.78182 80.75743 80.73112 80.68688 80.60724 80.47665 80.27994 80.01151 79.67191 79.26375
82.99265 82.94395 82.86502 82.7616 82.64388 82.51929 82.39418 82.27032 82.14668 82.02052 81.88946 81.74876 81.59737 81.43795 81.27888 81.1321 81.0129 80.93393 80.89921 80.901 80.92805 80.96581 81.005 81.03994 81.06821 81.08881 81.10235 81.10988 81.11224 81.11025 81.10578 81.09982 81.09492 81.09493 81.10369 81.1249 81.15965 81.20631 81.26089 81.31767 81.369 81.40495 81.41756 81.40386 81.3693 81.32169 81.26557 81.20947 81.15069 81.09168 81.03497 80.97625 80.91796 80.86302 80.8095 80.75681 80.70576 80.65404 80.59393 80.52731 80.44139 80.32356 80.16461 79.95368 79.68468 79.35384 78.95707
82.86749 82.81966 82.7479 82.65549 82.54947 82.43506 82.31638 82.19368 82.06673 81.93338 81.79118 81.63482 81.46324 81.27972 81.09138 80.91667 80.7786 80.69821 80.68167 80.7166 80.78175 80.85548 80.92505 80.98374 81.03011 81.06517 81.09021 81.1076 81.11916 81.12582 81.13029 81.13371 81.13853 81.14662 81.1609 81.18295 81.21432 81.25324 81.29578 81.33786 81.37353 81.3966 81.40256 81.38904 81.35966 81.31792 81.26548 81.21079 81.1508 81.08947 81.0266 80.96057 80.894 80.82803 80.76095 80.69084 80.6187 80.54218 80.45569 80.35818 80.24111 80.09608 79.91614 79.69377 79.42397 79.10163 78.72067
82.77696 82.72564 82.6545 82.56616 82.46593 82.35754 82.24205 82.11984 81.99041 81.85078 81.69783 81.52628 81.3344 81.1209 80.89601 80.6826 80.51566 80.42977 80.4363 80.51391 80.62706 80.74379 80.84705 80.93083 80.99616 81.04483 81.08131 81.1088 81.12888 81.14368 81.15641 81.16831 81.18062 81.19659 81.21695 81.24136 81.27164 81.30537 81.34029 81.37229 81.39742 81.41132 81.41198 81.3974 81.36994 81.33128 81.28123 81.22723 81.16544 81.10007 81.03268 80.96017 80.88518 80.80831 80.72758 80.64227 80.55195 80.45481 80.34558 80.22386 80.08286 79.91646 79.72021 79.4882 79.21738 78.9042 78.54341
82.71432 82.65541 82.58057 82.49263 82.394 82.28744 82.1736 82.0515 81.91996 81.77602 81.61484 81.43152 81.21946 80.97816 80.71509 80.45793 80.25562 80.16109 80.19291 80.31799 80.48238 80.64164 80.77681 80.88375 80.96558 81.02706 81.07381 81.10932 81.13741 81.1595 81.1801 81.20014 81.22144 81.24481 81.27161 81.29986 81.33161 81.36508 81.39669 81.42368 81.44276 81.45105 81.4472 81.43041 81.40277 81.36411 81.31345 81.25776 81.19413 81.12458 81.0512 80.97202 80.88856 80.80073 80.70771 80.60831 80.50216 80.38747 80.25964 80.11865 79.95872 79.77478 79.56461 79.32323 79.05068 78.74474 78.40478
82.66631 82.59919 82.51961 82.42905 82.3305 82.2247 82.11182 81.9904 81.85853 81.71212 81.54773 81.35665 81.13315 80.87325 80.5833 80.29301 80.06184 79.95963 80.01196 80.17533 80.37892 80.57063 80.72916 80.85271 80.94709 81.01849 81.07237 81.11507 81.14998 81.17864 81.20718 81.23545 81.26477 81.29617 81.32965 81.36432 81.40209 81.43919 81.4726 81.49871 81.51571 81.52074 81.51376 81.49363 81.46334 81.42236 81.36915 81.31094 81.24189 81.16698 81.08695 80.99918 80.90636 80.80799 80.70302 80.59045 80.47037 80.34023 80.19686 80.0397 79.86386 79.6651 79.44178 79.1899 78.91116 78.60649 78.27999
82.62458 82.54993 82.46559 82.37293 82.27393 82.169 82.05754 81.93771 81.80705 81.66285 81.49879 81.30843 81.08508 80.82417 80.53152 80.23629 80.00045 79.89746 79.95551 80.12952 80.34475 80.54613 80.71289 80.8428 80.94186 81.01752 81.0764 81.1236 81.16374 81.1995 81.2345 81.27049 81.30825 81.3482 81.39151 81.43584 81.48312 81.52804 81.5677 81.59788 81.61611 81.61967 81.60929 81.58451 81.54977 81.50388 81.44611 81.38271 81.30861 81.22712 81.13904 81.04312 80.93992 80.83063 80.71381 80.58926 80.45589 80.31278 80.15609 79.98517 79.79563 79.58297 79.34589 79.08029 78.78823 78.47276 78.14319
82.58318 82.50256 82.41501 82.321 82.22224 82.11836 82.00864 81.89153 81.76505 81.62522 81.46768 81.28637 81.07557 80.83286 80.56448 80.29829 80.08704 79.99322 80.04081 80.19296 80.38631 80.57194 80.72855 80.85302 80.94964 81.0256 81.08679 81.13725 81.18176 81.22253 81.26435 81.30763 81.35442 81.40491 81.46049 81.51749 81.57767 81.63615 81.68752 81.72647 81.74899 81.75229 81.73775 81.70676 81.66499 81.61243 81.54804 81.47826 81.39787 81.30878 81.21153 81.10539 80.99085 80.8699 80.74111 80.60402 80.45856 80.30352 80.13497 79.95226 79.75079 79.52535 79.27364 78.99023 78.67576 78.33279 77.97392
82.53936 82.45506 82.36602 82.27177 82.17355 82.07111 81.96488 81.8525 81.73147 81.59914 81.45222 81.28599 81.09743 80.88581 80.66003 80.44186 80.27191 80.19326 80.22221 80.33433 80.48591 80.63744 80.77071 80.88103 80.97011 81.04241 81.10224 81.15447 81.20188 81.24728 81.29476 81.34583 81.40228 81.46523 81.53421 81.60728 81.68626 81.76414 81.83395 81.88684 81.91692 81.92035 81.89959 81.85893 81.80749 81.7467 81.67523 81.59879 81.51119 81.41352 81.30615 81.18791 81.06093 80.92714 80.78504 80.63534 80.47838 80.31222 80.1335 79.94104 79.72976 79.49313 79.22733 78.92357 78.57831 78.1897 77.76851
82.49311 82.4064 82.31612 82.22237 82.12565 82.02646 81.92406 81.81686 81.70303 81.58037 81.44644 81.29909 81.1368 80.96187 80.78113 80.61295 80.48417 80.42074 80.4317 80.50387 80.6106 80.72374 80.82963 80.92104 80.99854 81.06422 81.12132 81.17353 81.22362 81.27216 81.32578 81.38463 81.45051 81.52557 81.61095 81.70489 81.80733 81.91174 82.00783 82.08186 82.12283 82.12469 82.09377 82.03976 81.97583 81.90649 81.82867 81.7467 81.65258 81.54536 81.42633 81.29434 81.1521 81.003 80.84664 80.68355 80.51501 80.33874 80.15111 79.95132 79.7332 79.48917 79.21252 78.89034 78.51191 78.06535 77.55101
82.44729 82.35909 82.2688 82.17601 82.08145 81.98554 81.88788 81.7858 81.67936 81.56712 81.44734 81.3197 81.18339 81.04147 80.90076 80.77362 80.67701 80.62542 80.62497 80.66648 80.73621 80.8157 80.89468 80.96772 81.03268 81.09109 81.14404 81.19519 81.24608 81.29829 81.35616 81.42178 81.49735 81.58541 81.68784 81.80504 81.9361 82.07478 82.20634 82.30982 82.36482 82.363 82.31596 82.24335 82.16617 82.08962 82.00942 81.92548 81.82597 81.709 81.57529 81.42594 81.26533 81.09788 80.9246 80.74727 80.56667 80.38118 80.18664 79.98246 79.76173 79.51593 79.23615 78.90479 78.50294 78.00394 77.38815
82.40172 82.31232 82.22169 82.13022 82.03814 81.94553 81.85167 81.75544 81.65679 81.5548 81.44862 81.33867 81.2253 81.11089 81.00162 80.90547 80.83212 80.78997 80.7812 80.80266 80.84574 80.89921 80.95649 81.01291 81.06684 81.11837 81.16677 81.21603 81.26762 81.32217 81.38377 81.45577 81.53995 81.64002 81.75952 81.90051 82.06322 82.24101 82.41623 82.55701 82.63064 82.62222 82.55215 82.45724 82.36913 82.29411 82.22046 82.14108 82.03965 81.91194 81.75993 81.58759 81.40381 81.21278 81.01962 80.82635 80.63351 80.43925 80.23989 80.03465 79.81658 79.57693 79.30603 78.98351 78.58395 78.06664 77.38837
82.35681 82.26608 82.17526 82.0852 81.99571 81.90534 81.81563 81.72514 81.63392 81.54143 81.44706 81.35254 81.258 81.16598 81.07999 81.00571 80.94877 80.91311 80.90034 80.90919 80.93484 80.97088 81.01186 81.05606 81.09977 81.14388 81.18881 81.2358 81.28727 81.34451 81.40826 81.48444 81.57523 81.68557 81.8196 81.98076 82.17253 82.38842 82.60866 82.79168 82.88599 82.8686 82.77336 82.66064 82.57433 82.51726 82.46807 82.4047 82.30515 82.16369 81.9855 81.78194 81.56522 81.34557 81.12894 80.91704 80.71117 80.50909 80.30702 80.10413 79.8944 79.6701 79.42304 79.13392 78.77642 78.30357 77.65663
82.3124 82.2207 82.12967 82.04091 81.95251 81.8652 81.77908 81.69337 81.60872 81.52472 81.44137 81.35955 81.28018 81.20472 81.13632 81.07755 81.03175 81.0014 80.98743 80.98906 81.00468 81.02915 81.05943 81.09308 81.12898 81.16757 81.20943 81.25409 81.305 81.36181 81.4281 81.506 81.6013 81.7179 81.86103 82.03518 82.24619 82.48862 82.74193 82.95642 83.06838 83.04671 82.93884 82.8302 82.77374 82.76465 82.76446 82.73418 82.63969 82.47724 82.26069 82.01112 81.75079 81.49438 81.24921 81.01672 80.79729 80.58801 80.38509 80.18749 79.991 79.79041 79.58156 79.351 79.07897 78.72424 78.22542
82.26672 82.17388 82.08311 81.99413 81.90706 81.82163 81.73878 81.65767 81.57897 81.50239 81.42819 81.35698 81.28951 81.22705 81.17128 81.12377 81.08643 81.0613 81.04757 81.04583 81.0545 81.07069 81.09328 81.12057 81.15193 81.18602 81.22414 81.26754 81.31706 81.37447 81.44066 81.51897 81.61552 81.73362 81.87923 82.05603 82.27086 82.51826 82.77673 82.99784 83.11703 83.10554 83.01942 82.95636 82.97117 83.04966 83.13228 83.15276 83.06329 82.86394 82.58662 82.27236 81.95471 81.65401 81.37617 81.12193 80.88906 80.67336 80.47117 80.28109 80.10104 79.92921 79.76795 79.61324 79.45964 79.28059 79.01852
82.22044 82.12627 82.0348 81.94608 81.86014 81.77658 81.69621 81.61883 81.54482 81.47458 81.40769 81.34522 81.28767 81.23511 81.18916 81.15021 81.12016 81.09925 81.08671 81.08389 81.09017 81.10258 81.12032 81.14372 81.17078 81.20245 81.23781 81.27877 81.32734 81.38273 81.44833 81.52594 81.61961 81.73494 81.87573 82.04481 82.2476 82.47748 82.71332 82.91505 83.03194 83.05067 83.02763 83.05338 83.18054 83.38622 83.58549 83.67435 83.58284 83.31965 82.95251 82.55104 82.16391 81.81289 81.50137 81.22584 80.98096 80.76054 80.55994 80.37818 80.21501 80.07265 79.96003 79.88412 79.85718 79.87102 79.86893
82.17358 82.07793 81.98545 81.89619 81.81075 81.72816 81.64973 81.5753 81.50526 81.43987 81.37931 81.32433 81.27445 81.23051 81.19226 81.16145 81.13769 81.12086 81.11115 81.10934 81.11456 81.12517 81.14118 81.16135 81.18624 81.21532 81.24895 81.2886 81.33427 81.38815 81.45081 81.52525 81.61478 81.72241 81.85275 82.00706 82.18778 82.38718 82.58823 82.76086 82.87875 82.9422 83.00365 83.14033 83.39921 83.75442 84.09472 84.26262 84.1547 83.80009 83.31713 82.81522 82.35535 81.95609 81.61491 81.3224 81.06882 80.84576 80.64786 80.47413 80.32581 80.20831 80.13543 80.12342 80.1977 80.3643 80.56053
82.12435 82.02672 81.93288 81.84285 81.75645 81.67442 81.59686 81.52445 81.45734 81.39596 81.34086 81.29188 81.24899 81.21194 81.1819 81.15801 81.13998 81.12822 81.12247 81.12252 81.12879 81.13932 81.15383 81.17339 81.19713 81.22479 81.25719 81.29419 81.3389 81.38893 81.44836 81.51786 81.60158 81.69994 81.81688 81.95266 82.10803 82.2764 82.44474 82.59631 82.72156 82.83245 82.97433 83.21068 83.58345 84.06964 84.53837 84.7784 84.64651 84.1965 83.60416 83.01606 82.49973 82.06717 81.70792 81.4067 81.1497 80.92701 80.73255 80.56531 80.42761 80.32654 80.27729 80.29977 80.42168 80.65011 80.91431
82.07233 81.97313 81.87727 81.78495 81.69724 81.61404 81.53646 81.46502 81.40005 81.34229 81.29128 81.24783 81.21104 81.18192 81.15907 81.14208 81.13064 81.12466 81.12284 81.1265 81.13489 81.14664 81.16132 81.18166 81.20428 81.23155 81.262 81.2991 81.3398 81.38703 81.44222 81.50618 81.58244 81.67159 81.77435 81.89121 82.02333 82.16525 82.3092 82.44849 82.58412 82.73174 82.92857 83.22597 83.65777 84.20096 84.72404 84.9976 84.85484 84.36221 83.724 83.10419 82.57179 82.13377 81.77477 81.47644 81.223 81.00411 80.81368 80.65094 80.51868 80.42378 80.38035 80.40479 80.5174 80.71479 80.92643
82.01572 81.91387 81.81492 81.72004 81.63 81.5443 81.4651 81.39306 81.32941 81.27405 81.22763 81.1897 81.15971 81.13821 81.12315 81.11473 81.11098 81.10989 81.11416 81.1228 81.13348 81.14699 81.16432 81.18496 81.20766 81.23378 81.26334 81.29757 81.33598 81.37945 81.43037 81.48848 81.55707 81.6365 81.72618 81.82674 81.93946 82.0607 82.18752 82.31808 82.45926 82.62528 82.84605 83.15545 83.57574 84.08034 84.55312 84.79763 84.67023 84.22184 83.63502 83.06035 82.56401 82.15414 81.81644 81.53349 81.29057 81.0783 80.89206 80.73147 80.59972 80.50259 80.45102 80.45499 80.52399 80.64532 80.76289
81.95763 81.85222 81.74946 81.65136 81.55653 81.46692 81.38419 81.30992 81.24592 81.19189 81.1495 81.1172 81.09502 81.08171 81.07574 81.07662 81.08161 81.08838 81.09948 81.11303 81.12802 81.145 81.16438 81.18649 81.21033 81.23616 81.26557 81.29796 81.33376 81.37418 81.42079 81.47375 81.53442 81.60387 81.68258 81.76801 81.86423 81.96915 82.08191 82.20346 82.34197 82.50859 82.72202 83.00384 83.36117 83.7642 84.1213 84.29789 84.19694 83.8504 83.38383 82.91319 82.49572 82.14227 81.84348 81.58628 81.35874 81.15443 80.9708 80.8092 80.67319 80.56784 80.50046 80.4754 80.49466 80.54308 80.58362
81.89552 81.7858 81.67796 81.57377 81.47283 81.37716 81.28877 81.21033 81.14364 81.08984 81.05107 81.02615 81.01274 81.01012 81.0155 81.02745 81.04311 81.06002 81.07825 81.09916 81.11869 81.1405 81.16251 81.18664 81.21155 81.23822 81.26665 81.2978 81.33173 81.36935 81.41149 81.45866 81.51244 81.57294 81.64034 81.71378 81.79628 81.88689 81.98666 82.09758 82.22486 82.37799 82.56685 82.79977 83.07589 83.36597 83.60555 83.7157 83.64156 83.40194 83.07107 82.72449 82.40534 82.12389 81.87467 81.64871 81.4381 81.2402 81.05579 80.88889 80.74425 80.62669 80.54116 80.48826 80.46682 80.46402 80.45766
81.82962 81.71494 81.60038 81.48814 81.37955 81.27405 81.17696 81.09069 81.01835 80.96416 80.92932 80.91157 80.91068 80.922 80.94137 80.96804 80.99645 81.02459 81.05259 81.08094 81.10732 81.134 81.1603 81.18646 81.21282 81.23997 81.26878 81.29885 81.33074 81.36581 81.40382 81.44588 81.49306 81.54581 81.6032 81.66579 81.73721 81.81535 81.90231 81.99887 82.11119 82.24255 82.39842 82.58021 82.78124 82.97842 83.1316 83.1969 83.14849 82.99768 82.78576 82.55652 82.33678 82.13131 81.93464 81.73986 81.54269 81.34518 81.15334 80.9747 80.81633 80.68341 80.57938 80.50426 80.45429 80.42075 80.39015
