tethysapp/magdalena_cauca_data_viewer/public/raster/hr.asc
ncols         279
nrows         512
xllcorner     -77.443335897482
yllcorner     1.3064112990023
cellsize      0.020005794964035
NODATA_value  -9999
[rows 330 to 359 of 512, columns 134 to 200 of 279]
77.3398 77.65192 77.99429 78.36151 78.74552 79.13706 79.53131 79.92605 80.31895 80.70798 81.08974 81.45313 81.77883 82.03625 82.18499 82.21031 82.16142 82.1578 82.29153 82.58324 83.06167 83.7089 84.1935 83.99341 83.28341 82.58186 82.06274 81.70137 81.44944 81.27201 81.15999 81.16375 81.20962 81.25991 81.31238 81.33454 81.32084 81.29031 81.26026 81.25297 81.30017 81.4411 81.68523 81.96508 82.13937 82.09538 81.88032 81.62495 81.41082 81.25678 81.1534 81.08361 -9999 -9999 -9999 -9999 -9999 -9999 -9999 -9999 -9999 -9999 -9999 -9999 -9999 -9999 -9999
76.96529 77.30016 77.68796 78.11375 78.55897 79.01036 79.46085 79.90942 80.35665 80.80447 81.25119 81.69251 82.10725 82.44787 82.62521 82.55833 82.31911 82.18155 82.30731 82.64283 83.19759 84.01599 84.70227 84.4138 83.45979 82.61222 82.03646 81.66466 81.42764 81.28119 81.20835 81.20797 81.25214 81.32495 81.41102 81.45407 81.44103 81.39532 81.34208 81.31816 81.36997 81.55492 81.90386 82.34595 82.63203 82.54265 82.19096 81.81091 81.51028 81.29874 81.15532 -9999 -9999 -9999 -9999 -9999 -9999 -9999 -9999 -9999 -9999 -9999 -9999 -9999 -9999 -9999 -9999
76.45819 76.83065 77.29123 77.80244 78.33123 78.85654 79.37008 79.87776 80.38209 80.89015 81.40999 81.94486 82.48773 82.99464 83.30474 83.108 82.39323 81.99802 82.24421 82.63375 83.09853 83.71693 84.20392 83.95041 83.15751 82.41541 81.89286 81.55917 81.3623 81.25928 81.22482 81.24681 81.31591 81.42501 81.54801 81.62357 81.61024 81.52852 81.41964 81.34244 81.36471 81.55441 81.9617 82.51389 82.8804 82.75688 82.3224 81.87874 81.53851 81.30074 81.13773 -9999 -9999 -9999 -9999 -9999 -9999 -9999 -9999 -9999 -9999 -9999 -9999 -9999 -9999 -9999 -9999
75.75333 76.19894 76.78253 77.4247 78.06408 78.67787 79.26256 79.82869 80.387 80.95284 81.5405 82.16752 82.85529 83.61988 84.33637 84.21518 82.75518 82.02055 82.3912 82.71243 82.9358 83.17118 83.30262 83.09698 82.6032 82.07639 81.65769 81.38124 81.23293 81.18119 81.19399 81.25626 81.36762 81.53423 81.73597 81.88091 81.87027 81.71352 81.49311 81.30362 81.23811 81.37272 81.74182 82.25904 82.61096 82.53071 82.16858 81.78192 81.47446 81.2522 -9999 -9999 -9999 -9999 -9999 -9999 -9999 -9999 -9999 -9999 -9999 -9999 -9999 -9999 -9999 -9999 -9999
74.76478 75.36234 76.15809 76.98825 77.76997 78.48303 79.13794 79.75719 80.36233 80.97408 81.61241 82.30199 83.07734 84.00539 85.1456 85.34462 83.77041 82.96896 82.92815 82.93163 82.85758 82.78153 82.67483 82.46438 82.12558 81.73811 81.38621 81.13793 81.02657 81.0379 81.1133 81.22762 81.38976 81.63906 82.01404 82.32679 82.29171 81.97095 81.55508 81.17687 80.96264 80.98942 81.25745 81.66134 81.96367 81.98759 81.80006 81.55353 81.3327 -9999 -9999 -9999 -9999 -9999 -9999 -9999 -9999 -9999 -9999 -9999 -9999 -9999 -9999 -9999 -9999 -9999 -9999
73.46731 74.35523 75.47397 76.54564 77.48139 78.2911 79.00629 79.66682 80.30326 80.94353 81.60838 82.31848 83.08539 83.89384 84.57968 84.37608 83.88415 83.6381 83.38196 83.11961 82.83752 82.5728 82.33177 82.09823 81.80598 81.47403 81.12035 80.81718 80.72449 80.83722 80.99561 81.1674 81.38605 81.72863 82.40475 83.11858 82.89848 82.25027 81.5806 80.9568 80.52669 80.40334 80.58796 80.9426 81.25464 81.39331 81.37289 81.27071 -9999 -9999 -9999 -9999 -9999 -9999 -9999 -9999 -9999 -9999 -9999 -9999 -9999 -9999 -9999 -9999 -9999 -9999 -9999
72.1539 73.42793 74.89974 76.19481 77.25327 78.12724 78.87912 79.56081 80.2118 80.86105 81.5312 82.23642 82.9706 83.67032 84.11945 83.93378 83.98388 84.11171 83.69844 83.24454 82.85239 82.51163 82.20421 81.91367 81.61063 81.31182 80.93867 80.50269 80.3926 80.64528 80.86504 81.07614 81.36655 81.84525 82.78349 84.47218 83.14643 82.31327 81.50402 80.64763 79.91151 79.59103 79.7899 80.23822 80.64309 80.89197 80.99428 81.00144 -9999 -9999 -9999 -9999 -9999 -9999 -9999 -9999 -9999 -9999 -9999 -9999 -9999 -9999 -9999 -9999 -9999 -9999 -9999
71.63348 73.07343 74.67937 76.04359 77.13049 78.01363 78.76523 79.44222 80.08691 80.72663 81.38445 82.07668 82.80598 83.55446 84.29114 85.10358 85.65442 84.81544 83.96939 83.34742 82.90718 82.55066 82.19756 81.84549 81.53397 81.28973 80.971 80.54484 80.41225 80.5841 80.71025 80.91521 81.26182 81.78622 82.44981 82.34335 82.23695 82.02948 81.27934 80.26527 79.19462 78.69443 79.04092 79.6781 80.19825 80.52805 80.70585 80.7817 -9999 -9999 -9999 -9999 -9999 -9999 -9999 -9999 -9999 -9999 -9999 -9999 -9999 -9999 -9999 -9999 -9999 -9999 -9999
72.35478 73.53022 74.90682 76.12269 77.11861 77.94389 78.65827 79.30704 79.92703 80.54064 81.17119 81.83714 82.55511 83.34788 84.2647 85.36024 85.84515 84.94436 83.99923 83.37831 82.99672 82.68487 82.2712 81.83039 81.52499 81.36472 81.17374 80.89631 80.67072 80.46348 80.36633 80.61736 81.03191 81.53056 82.0425 82.22062 82.01193 81.66077 81.01355 80.04325 78.91838 78.37909 78.76823 79.43742 79.96907 80.31358 80.5166 80.6238 -9999 -9999 -9999 -9999 -9999 -9999 -9999 -9999 -9999 -9999 -9999 -9999 -9999 -9999 -9999 -9999 -9999 -9999 -9999
73.65459 74.42414 75.40474 76.34785 77.17532 77.89911 78.54855 79.15182 79.73277 80.30865 80.89547 81.51273 82.17641 82.90557 83.70061 84.44489 84.71121 84.30481 83.73285 83.32887 83.10352 82.88795 82.39583 81.78352 81.3979 81.4111 81.42448 81.22403 80.77776 80.09654 79.68211 80.23386 80.76664 81.23097 81.62125 81.75858 81.61809 81.32568 80.83981 80.12553 79.32381 78.90385 79.0948 79.54238 79.94596 80.2318 -9999 -9999 -9999 -9999 -9999 -9999 -9999 -9999 -9999 -9999 -9999 -9999 -9999 -9999 -9999 -9999 -9999 -9999 -9999 -9999 -9999
74.80214 75.26585 75.90581 76.58004 77.22858 77.83916 78.41702 78.96906 79.50562 80.03451 80.56609 81.11428 81.68707 82.28745 82.88844 83.3941 83.63259 83.5696 83.39957 83.28934 83.23154 83.06061 82.57377 81.89116 81.4304 81.56369 81.80337 81.74534 81.00365 80.07491 79.67707 80.04765 80.62431 81.03853 81.25921 81.32456 81.25814 81.07574 80.76272 80.32206 79.85427 79.57514 79.5994 79.80777 80.04583 -9999 -9999 -9999 -9999 -9999 -9999 -9999 -9999 -9999 -9999 -9999 -9999 -9999 -9999 -9999 -9999 -9999 -9999 -9999 -9999 -9999 -9999
75.56688 75.83553 76.23393 76.70333 77.20377 77.71896 78.23608 78.74664 79.24166 79.72201 80.19389 80.66491 81.13848 81.60556 82.05441 82.47308 82.80019 83.0082 83.18331 83.40865 83.62586 83.58841 83.09982 82.38821 81.92261 81.90429 82.21706 82.6392 81.65028 80.43071 79.52309 80.03316 80.79185 81.13239 81.10317 81.04271 80.9994 80.90462 80.72656 80.47594 80.21269 80.03265 79.99221 -9999 -9999 -9999 -9999 -9999 -9999 -9999 -9999 -9999 -9999 -9999 -9999 -9999 -9999 -9999 -9999 -9999 -9999 -9999 -9999 -9999 -9999 -9999 -9999
75.96037 76.08684 76.3189 76.64207 77.04282 77.50069 77.9902 78.4801 78.94891 79.38701 79.79793 80.19418 80.58042 80.94044 81.28054 81.69457 82.16459 82.61527 83.10741 83.74223 84.48694 84.83121 84.15915 83.07632 82.35626 82.09293 82.1619 82.24328 81.85193 81.15111 80.8306 80.83116 81.52571 81.61163 80.98025 80.79688 80.80299 80.78187 80.69754 80.56197 80.41191 80.29435 -9999 -9999 -9999 -9999 -9999 -9999 -9999 -9999 -9999 -9999 -9999 -9999 -9999 -9999 -9999 -9999 -9999 -9999 -9999 -9999 -9999 -9999 -9999 -9999 -9999
76.04225 76.03236 76.12357 76.34096 76.69168 77.14883 77.6606 78.16931 78.6349 79.03966 79.39079 79.71691 80.04406 80.36489 80.68494 81.1205 81.68018 82.30975 83.05275 84.04577 85.36926 86.23578 85.24792 83.63049 82.61127 82.14536 81.99268 81.91787 81.73537 81.79144 82.53387 81.4744 81.69556 81.46577 80.60501 80.54961 80.64992 80.69289 80.67052 80.60215 80.51508 -9999 -9999 -9999 -9999 -9999 -9999 -9999 -9999 -9999 -9999 -9999 -9999 -9999 -9999 -9999 -9999 -9999 -9999 -9999 -9999 -9999 -9999 -9999 -9999 -9999 -9999
75.86323 75.68202 75.61259 75.73753 76.09477 76.63017 77.23894 77.82121 78.31576 78.69928 78.98627 79.23653 79.52805 79.88836 80.29748 80.76192 81.30793 82.02602 82.87608 83.91003 85.17268 85.93302 85.06616 83.60472 82.62054 82.11428 81.87593 81.74164 81.64869 81.70232 81.79366 81.33936 80.79036 79.83404 80.00568 80.3836 80.56697 80.64343 80.65295 80.6203 80.56731 -9999 -9999 -9999 -9999 -9999 -9999 -9999 -9999 -9999 -9999 -9999 -9999 -9999 -9999 -9999 -9999 -9999 -9999 -9999 -9999 -9999 -9999 -9999 -9999 -9999 -9999
75.47674 75.05186 74.74889 74.76457 75.19848 75.92815 76.7351 77.45675 78.01784 78.39613 78.613 78.76594 79.01811 79.4481 79.98244 80.5284 81.09572 81.8205 82.60203 83.37465 84.10136 84.39511 83.8821 83.0246 82.37067 81.98922 81.77518 81.63908 81.54065 81.46744 81.33331 80.99749 80.42875 79.85742 80.08893 80.46529 80.58874 80.63985 80.65001 80.6305 -9999 -9999 -9999 -9999 -9999 -9999 -9999 -9999 -9999 -9999 -9999 -9999 -9999 -9999 -9999 -9999 -9999 -9999 -9999 -9999 -9999 -9999 -9999 -9999 -9999 -9999 -9999
74.97977 74.22864 73.57816 73.43405 74.03168 75.09765 76.20284 77.11395 77.76842 78.16394 78.32757 78.37885 78.5749 79.06438 79.71532 80.38432 81.0614 81.78365 82.40395 82.82514 83.07806 83.04711 82.67233 82.23069 81.95943 81.79986 81.67897 81.57431 81.47208 81.35201 81.17519 80.89769 80.52134 80.20341 80.47176 80.73099 80.67218 80.66603 80.65972 -9999 -9999 -9999 -9999 -9999 -9999 -9999 -9999 -9999 -9999 -9999 -9999 -9999 -9999 -9999 -9999 -9999 -9999 -9999 -9999 -9999 -9999 -9999 -9999 -9999 -9999 -9999 -9999
74.54709 73.47888 72.44035 72.09937 72.90672 74.36076 75.76437 76.8435 77.58023 78.01167 78.18096 78.20475 78.36583 78.86082 79.55059 80.28467 81.05514 81.85715 82.36828 82.44078 82.34753 82.09293 81.65441 81.39498 81.52811 81.63778 81.62615 81.57198 81.4913 81.36704 81.18847 80.95953 80.71232 80.54643 80.63448 80.73904 80.71188 80.68928 -9999 -9999 -9999 -9999 -9999 -9999 -9999 -9999 -9999 -9999 -9999 -9999 -9999 -9999 -9999 -9999 -9999 -9999 -9999 -9999 -9999 -9999 -9999 -9999 -9999 -9999 -9999 -9999 -9999
74.38827 73.21587 72.04113 71.62311 72.50634 74.0932 75.5834 76.70101 77.45582 77.91434 78.14259 78.24535 78.43781 78.88209 79.50533 80.19556 80.93657 81.70875 82.14497 82.0584 81.82659 81.50881 81.07819 80.91266 81.31827 81.61317 81.65797 81.67279 81.64889 81.53096 81.33042 81.10213 80.89536 80.76442 80.74068 80.74475 80.72765 80.70405 -9999 -9999 -9999 -9999 -9999 -9999 -9999 -9999 -9999 -9999 -9999 -9999 -9999 -9999 -9999 -9999 -9999 -9999 -9999 -9999 -9999 -9999 -9999 -9999 -9999 -9999 -9999 -9999 -9999
74.58332 73.60458 72.68871 72.40955 73.13464 74.44044 75.71634 76.70786 77.39883 77.85011 78.1404 78.35017 78.60393 78.9989 79.51684 80.0923 80.67887 81.22384 81.54567 81.55367 81.41844 81.22619 81.02608 81.02011 81.31848 81.59706 81.74059 81.90833 82.00712 81.87626 81.58289 81.28616 81.05329 80.90073 80.81989 80.77603 -9999 -9999 -9999 -9999 -9999 -9999 -9999 -9999 -9999 -9999 -9999 -9999 -9999 -9999 -9999 -9999 -9999 -9999 -9999 -9999 -9999 -9999 -9999 -9999 -9999 -9999 -9999 -9999 -9999 -9999 -9999
75.00169 74.34723 73.81187 73.71352 74.21751 75.10805 76.03995 76.81973 77.40314 77.81923 78.14303 78.42435 78.72106 79.08421 79.51915 79.9889 80.42715 80.77747 81.00706 81.09305 81.08608 81.04383 81.02174 81.09764 81.29809 81.55063 81.84245 82.22697 82.51267 82.30905 81.85657 81.46008 81.17813 80.99457 80.87955 80.80534 -9999 -9999 -9999 -9999 -9999 -9999 -9999 -9999 -9999 -9999 -9999 -9999 -9999 -9999 -9999 -9999 -9999 -9999 -9999 -9999 -9999 -9999 -9999 -9999 -9999 -9999 -9999 -9999 -9999 -9999 -9999
75.44492 75.07035 74.81418 74.82753 75.1721 75.74838 76.384 76.95602 77.43107 77.81243 78.14202 78.45109 78.76205 79.10104 79.47736 79.87442 80.22517 80.46085 80.62439 80.73629 80.80836 80.86554 80.93887 81.06146 81.25012 81.50977 81.86813 82.34187 82.7081 82.42152 81.95873 81.54342 81.24433 81.04568 80.91394 -9999 -9999 -9999 -9999 -9999 -9999 -9999 -9999 -9999 -9999 -9999 -9999 -9999 -9999 -9999 -9999 -9999 -9999 -9999 -9999 -9999 -9999 -9999 -9999 -9999 -9999 -9999 -9999 -9999 -9999 -9999 -9999
75.79183 75.60712 75.51561 75.58495 75.83643 76.22213 76.65494 77.05853 77.4271 77.7908 78.12623 78.4399 78.74621 79.05834 79.38245 79.70625 79.98425 80.17696 80.32181 80.44983 80.56885 80.68619 80.81544 80.97005 81.1629 81.41116 81.73199 82.09804 82.3232 82.18104 81.83849 81.49984 81.23648 81.04892 80.9172 -9999 -9999 -9999 -9999 -9999 -9999 -9999 -9999 -9999 -9999 -9999 -9999 -9999 -9999 -9999 -9999 -9999 -9999 -9999 -9999 -9999 -9999 -9999 -9999 -9999 -9999 -9999 -9999 -9999 -9999 -9999 -9999
76.00002 75.93639 75.93994 76.041 76.24461 76.52535 76.8381 77.13928 77.44016 77.77209 78.09759 78.40212 78.69312 78.97642 79.25382 79.51559 79.74104 79.91778 80.06564 80.20993 80.3613 80.52023 80.68718 80.86254 81.05199 81.26582 81.50572 81.73635 81.86109 81.79822 81.5986 81.36942 81.16855 81.01158 -9999 -9999 -9999 -9999 -9999 -9999 -9999 -9999 -9999 -9999 -9999 -9999 -9999 -9999 -9999 -9999 -9999 -9999 -9999 -9999 -9999 -9999 -9999 -9999 -9999 -9999 -9999 -9999 -9999 -9999 -9999 -9999 -9999
76.06429 76.08167 76.14806 76.27536 76.46155 76.69294 76.947 77.20486 77.4737 77.76528 78.06087 78.34518 78.61632 78.8746 79.11942 79.34515 79.54473 79.71536 79.86679 80.01933 80.19155 80.3849 80.58424 80.7753 80.95406 81.12619 81.29096 81.42777 81.49552 81.46402 81.35165 81.20744 81.06581 80.94337 -9999 -9999 -9999 -9999 -9999 -9999 -9999 -9999 -9999 -9999 -9999 -9999 -9999 -9999 -9999 -9999 -9999 -9999 -9999 -9999 -9999 -9999 -9999 -9999 -9999 -9999 -9999 -9999 -9999 -9999 -9999 -9999 -9999
75.98715 76.06832 76.1871 76.34464 76.53616 76.75317 76.9856 77.22575 77.47607 77.73835 78.00523 78.26711 78.51925 78.75905 78.98523 79.19673 79.39671 79.58866 79.75629 79.89703 80.07012 80.2995 80.54129 80.75183 80.91581 81.04272 81.14272 81.21339 81.24121 81.21494 81.14295 81.05027 80.95226 -9999 -9999 -9999 -9999 -9999 -9999 -9999 -9999 -9999 -9999 -9999 -9999 -9999 -9999 -9999 -9999 -9999 -9999 -9999 -9999 -9999 -9999 -9999 -9999 -9999 -9999 -9999 -9999 -9999 -9999 -9999 -9999 -9999 -9999
75.77515 75.9202 76.09504 76.29299 76.5051 76.72822 76.95725 77.19043 77.42927 77.67348 77.92043 78.16434 78.40186 78.62973 78.84616 79.05276 79.26723 79.5172 79.7426 79.83372 79.98163 80.28301 80.60926 80.85204 80.9902 81.05591 81.08452 81.09201 81.07948 81.04154 80.9823 80.91431 80.84179 -9999 -9999 -9999 -9999 -9999 -9999 -9999 -9999 -9999 -9999 -9999 -9999 -9999 -9999 -9999 -9999 -9999 -9999 -9999 -9999 -9999 -9999 -9999 -9999 -9999 -9999 -9999 -9999 -9999 -9999 -9999 -9999 -9999 -9999
75.42216 75.6475 75.89355 76.14511 76.39147 76.63129 76.86647 77.09921 77.33204 77.56556 77.79871 78.03052 78.25835 78.4791 78.6877 78.8818 79.07565 79.32184 79.567 79.60236 79.82133 80.35688 80.87388 81.16359 81.23631 81.19582 81.12309 81.05203 80.98973 80.92776 80.86462 80.80283 80.74271 -9999 -9999 -9999 -9999 -9999 -9999 -9999 -9999 -9999 -9999 -9999 -9999 -9999 -9999 -9999 -9999 -9999 -9999 -9999 -9999 -9999 -9999 -9999 -9999 -9999 -9999 -9999 -9999 -9999 -9999 -9999 -9999 -9999 -9999
74.92056 75.25983 75.60299 75.92369 76.21291 76.4765 76.72237 76.95768 77.18753 77.41329 77.63755 77.8595 78.08086 78.29743 78.5003 78.67179 78.78942 78.8582 78.84867 78.82995 79.46717 80.61523 81.5013 81.80232 81.70123 81.46756 81.24525 81.07296 80.94743 80.85422 80.77648 80.71024 80.65164 -9999 -9999 -9999 -9999 -9999 -9999 -9999 -9999 -9999 -9999 -9999 -9999 -9999 -9999 -9999 -9999 -9999 -9999 -9999 -9999 -9999 -9999 -9999 -9999 -9999 -9999 -9999 -9999 -9999 -9999 -9999 -9999 -9999 -9999
74.27013 74.77638 75.24733 75.6515 75.98832 76.27488 76.52995 76.76745 76.99536 77.21612 77.43143 77.64459 77.85856 78.07278 78.27863 78.44507 78.51537 78.43627 78.18142 78.04887 79.16844 81.32462 82.7037 82.81187 82.33972 81.81359 81.40443 81.11999 80.92834 80.79594 80.70112 80.62924 -9999 -9999 -9999 -9999 -9999 -9999 -9999 -9999 -9999 -9999 -9999 -9999 -9999 -9999 -9999 -9999 -9999 -9999 -9999 -9999 -9999 -9999 -9999 -9999 -9999 -9999 -9999 -9999 -9999 -9999 -9999 -9999 -9999 -9999 -9999
