tethysapp/magdalena_cauca_data_viewer/public/raster/prec.asc
ncols         279
nrows         527
xllcorner     -77.443335897482
yllcorner     1.0063127949056
cellsize      0.020005794964035
NODATA_value  -9999
[rows 30 to 59 of 527, columns 134 to 200 of 279]
979.826 1000.262 1022.115 1037.71 1047.303 1057.218 1060.929 1062.915 1063.141 1061.558 1056.81 1048.768 1039.449 1025.44 1000.18 966.5625 919.4349 863.0117 795.6942 756.3396 771.4836 856.46 945.6501 1001.272 1012.7 1002.413 1007.442 998.7542 1011.378 1058.076 1113.005 1174.088 1235.92 1295.016 1355.448 1412.836 1461.49 1504.076 1530.674 1547.311 1553.726 1553.054 1548.594 1542.505 1533.796 1524.668 -9999 -9999 -9999 -9999 -9999 -9999 -9999 -9999 -9999 -9999 -9999 -9999 -9999 -9999 -9999 -9999 -9999 -9999 -9999 -9999 -9999
955.0593 983.4604 1011.514 1030.83 1043.709 1056.946 1062.992 1066.595 1068.321 1067.675 1064.132 1058.874 1051.691 1043.104 1025.209 1001.932 971.3585 938.3488 907.2949 901.1509 915.2959 954.1508 1000.223 1030.467 1032.148 1022.094 1018.569 1016.445 1043.603 1078.799 1130.85 1193.988 1260.399 1327.02 1397.388 1465.86 1522.385 1569.176 1594.935 1604.5 1603.517 1596.014 1584.195 1571.419 1558.585 -9999 -9999 -9999 -9999 -9999 -9999 -9999 -9999 -9999 -9999 -9999 -9999 -9999 -9999 -9999 -9999 -9999 -9999 -9999 -9999 -9999 -9999
934.308 972.1995 1006.726 1029.579 1044.914 1059.471 1066.844 1072.054 1074.709 1075.152 1073.732 1070.005 1066.585 1061.831 1050.149 1035.189 1019.141 1003.507 989.3654 995.5605 1006.948 1025.485 1042.252 1062.433 1066.067 1049.93 998.3461 924.9701 1042.705 1074.004 1147.135 1217.233 1289.445 1367.281 1452.692 1537.861 1606.517 1658.529 1676.514 1674.904 1661.498 1643.454 1623.13 1602.312 1583.586 -9999 -9999 -9999 -9999 -9999 -9999 -9999 -9999 -9999 -9999 -9999 -9999 -9999 -9999 -9999 -9999 -9999 -9999 -9999 -9999 -9999 1448.163
938.7116 979.4308 1015.53 1039.87 1056.804 1073.508 1082.484 1089.137 1095.097 1098.024 1099.212 1097.799 1095.208 1097.435 1092.62 1086.197 1081.794 1077.19 1072.166 1082.057 1087.083 1098.214 1106.245 1115.402 1109.651 1085.305 1021.537 939.6569 1055.84 1122.07 1185.052 1247.775 1323.027 1413.728 1520.91 1630.901 1717.766 1766.773 1769.286 1745.549 1713.425 1679.838 1649.314 1621.467 1595.894 1575.884 1556.663 1542.646 1527.693 1514.682 1502.055 1492.436 -9999 -9999 -9999 -9999 -9999 -9999 -9999 -9999 -9999 -9999 -9999 -9999 1455.703 1457.115 1457.07
969.7523 999.2608 1028.828 1049.321 1064.423 1080.737 1089.705 1096.829 1102.978 1107.007 1109.569 1110.787 1110.784 1114.547 1112.39 1111.482 1109.935 1111.652 1116.196 1129.702 1134.004 1138.291 1143.796 1155.211 1151.152 1138.45 1115.699 1118.852 1160.48 1189.688 1223.959 1276.94 1359.024 1468.447 1609.934 1769.017 1892.633 1933.8 1898.886 1838.839 1780.254 1728.985 1686.07 1649.831 1619.571 1596.306 1573.586 1552.539 1535.703 1521.538 1509.018 1497.894 -9999 -9999 -9999 -9999 -9999 -9999 -9999 -9999 1463.317 1463.885 1464.57 1466.082 1467.818 1470.912 1474.131
1014.152 1030.799 1050.633 1066.717 1080.004 1095.525 1104.772 1112.144 1118.202 1123.835 1128.461 1132.048 1134.668 1147.944 1149.352 1150.545 1151.965 1158.291 1165.795 1181.381 1191.944 1195.556 1196.472 1198.149 1196.073 1191.686 1189.873 1201.51 1210.48 1228.591 1239.993 1305.94 1396.971 1524.434 1705.907 1940.588 2134.238 2141.525 2029.383 1918.331 1829.4 1759.262 1704.303 1660.799 1625.349 1596.137 1572.402 1551.757 1537.515 1521.744 1509.402 1498.046 1491.564 1483.433 1477.372 -9999 1468.161 1465.074 1466.376 1466.04 1466.501 1471.339 1473.959 1476.623 1480.852 1487.581 1493.23
1052.278 1059.243 1072.387 1083.57 1093.569 1108.406 1116.867 1124.415 1130.739 1136.447 1142.439 1147.344 1152.984 1169.552 1173.485 1177.332 1181.612 1188.587 1194.273 1211.922 1224.392 1230.624 1234.461 1234.008 1230.368 1230.292 1236.197 1257.282 1311.761 1311.525 1299.379 1353.079 1437.912 1570.639 1780.098 2081.1 2374.372 2318.761 2124.662 1978.412 1869 1786.412 1723.658 1674.788 1634.266 1603.502 1581.024 1559.33 1543.183 1526.682 1512.663 1500.924 1493.136 1483.988 1478.408 1472.69 1468.381 1465.293 1467.617 1468.963 1471.163 1476.591 1480.281 1486.337 1494.507 1504.14 1515.42
1084.924 1087.741 1097.164 1104.81 1113 1126.903 1135.018 1143.141 1150.357 1157.325 1163.948 1170.922 1176.979 1194.889 1200.82 1206.783 1212.956 1221.404 1228.733 1244.074 1255.183 1266.49 1269.848 1264.023 1253.102 1249.926 1256.844 1278.476 1310.825 1335.896 1364.241 1401.574 1471.319 1593.727 1799.636 2079.38 2286.418 2269.461 2134.804 1995.288 1882.08 1795.823 1730.215 1678.697 1637.87 1607.367 1580.738 1559.168 1540.527 1524.204 1510.362 1497.834 1490.508 1483.604 1477.534 1471.42 1466.922 1466.378 1468.044 1470.568 1473.182 1480.746 1486.269 1494.757 1506.605 1524.616 1543.229
1107.894 1108.648 1116.111 1122.208 1129.195 1141.624 1149.41 1157.236 1164.842 1173.693 1181.767 1189.284 1197.489 1213.667 1221.078 1228.515 1236.061 1245.738 1253.875 1266.841 1280.502 1300.348 1313.816 1295.492 1261.628 1246.734 1247.677 1267.761 1309.283 1354.903 1422.111 1432.853 1494.603 1591.805 1775.072 2044.978 2291.428 2265.524 2110.134 1975.606 1869.442 1788.003 1725.055 1676.517 1636.255 1604.053 1577.421 1555.428 1536.872 1520.45 1506.627 1496.871 1488.895 1480.221 1472.859 1469.456 1465.147 1462.697 1466.217 1469.433 1472.256 1481.364 1491.184 1502.727 1519.51 1545.209 1573.351
1123.147 1123.784 1130.351 1135.937 1142.158 1153.386 1161.004 1169.064 1177.222 1185.293 1192.976 1201.312 1210.03 1229.548 1238.142 1246.619 1254.877 1264.086 1272.062 1283.216 1299.005 1331.014 1381.557 1340.825 1240.082 1218.428 1202.71 1209.995 1279.402 1357.268 1423.205 1449.666 1519.607 1579.818 1727.308 1941.894 2134.051 2140.778 2030.975 1923.955 1835.463 1766.114 1710.536 1666.136 1628.257 1597.293 1571.868 1550.646 1533.456 1517.607 1504.384 1491.983 1484.347 1475.768 1468.89 1463.504 1457.204 1455.631 1459.078 1465.564 1469.721 1480.939 1491.71 1507.943 1530.434 1563.359 1604.646
1132.732 1133.981 1140.116 1145.058 1155.518 1166.24 1174.01 1182.126 1190.62 1199.328 1208.648 1217.881 1227.317 1239.845 1249.408 1258.921 1268.085 1278.494 1285.443 1292.727 1303.675 1330.048 1380.996 1304.121 1124.722 1175.447 1136.906 1080.047 1234.807 1323.547 1395.712 1455.992 1520.177 1588.208 1699.848 1829.59 1933.536 1960.086 1917.974 1854.562 1793.271 1738.813 1692.584 1653.547 1619.979 1592.106 1568.466 1548.023 1531.01 1514.764 1502.206 1491.13 1478.793 1471.55 1464.714 1461.349 1457.323 1455.864 1459.185 1466.377 1471.53 1483.337 1495.732 1513.684 1539.845 1577.739 1631.87
1139.136 1142.157 1148.459 1154.117 1163.608 1172.614 1180.513 1188.624 1197.462 1206.029 1215.229 1224.736 1234.648 1245.864 1256.644 1267.511 1278.343 1288.569 1295.924 1299.424 1302.269 1303.714 1295.447 1219.763 1107.724 1187.447 1224.629 1209.588 1242.005 1325.46 1401.67 1471.042 1547.444 1637.007 1730.582 1802.654 1844.291 1857.253 1836.238 1798.129 1755.06 1713.662 1676.08 1643.13 1615.095 1590.428 1569.215 1550.782 1533.963 1521.281 1508.317 1497.339 1486.933 1478.455 1471.236 1465.725 1461.278 1460.097 1459.741 1465.376 1470.339 1480.872 1493.435 1512.165 1540.602 1583.091 1645.105
1137.527 1141.756 1147.545 1154.356 1163.708 1171.946 1179.304 1187.109 1195.292 1204.066 1213.355 1223.121 1233.655 1246.085 1258.065 1271.247 1285.657 1301.337 1312.826 1314.434 1305.216 1287.911 1267.448 1240.185 1221.911 1249.754 1284.896 1297.977 1347.905 1393.152 1438.774 1510.67 1620.077 1763.362 1875.923 1893.484 1860.242 1830.078 1795.885 1760.423 1724.984 1691.121 1659.601 1631.576 1606.555 1584.317 1564.918 1547.815 1533.034 1519.556 1507.944 1496.74 1488.118 1479.172 1470.814 1464.876 1460.874 1457.68 1458.665 1461.645 1467.343 1476.334 1490.383 1508.651 1536.274 1578.287 1639.642
1132.797 1139.145 1147.795 1155.481 1165.242 1173.512 1180.792 1188.468 1196.719 1205.51 1214.998 1225.185 1236.172 1249.467 1262.871 1278.22 1296.774 1320.997 1347.217 1356.054 1326.109 1284.672 1253.088 1241.424 1254.354 1284.957 1323.561 1410.183 1561.601 1498.845 1486.747 1562.031 1730.082 2009.734 2214.741 2114.136 1944.887 1843.7 1780.004 1735.785 1700.194 1669.687 1642.088 1617.188 1595.373 1575.643 1558.199 1542.64 1528.965 1517.416 1505.893 1494.971 1485.51 1475.695 1466.939 1459.514 1452.648 1450.041 1450.656 1454.103 1460.296 1470.967 1483.342 1500.574 1525.124 1561.834 1614.293
1125.389 1135.213 1146.383 1155.602 1164.571 1172.316 1180.172 1187.441 1195.581 1204.003 1213.326 1223.398 1234.747 1248.438 1262.892 1280.203 1302.201 1333.923 1379.403 1407.963 1349.56 1276.395 1210.591 1172.381 1229.649 1296.764 1355.178 1458.674 1587.152 1527.191 1514.356 1598.57 1811.633 2223.635 2532.639 2296.082 2009.646 1859.385 1774.144 1722.227 1685.16 1657.033 1632.284 1610.146 1590.376 1572.846 1557.338 1543.021 1530.13 1519.66 1509.168 1497.6 1486.663 1476.193 1465.503 1456.336 1446.779 1441.48 1441.514 1445.766 1452.8 1464.291 1476.865 1491.676 1511.214 1539.456 1576.656
1121.244 1130.712 1141.94 1152.47 1162.026 1167.876 1171.947 1176.709 1182.694 1189.304 1202.805 1212.113 1222.939 1236.42 1253.869 1271.938 1294.862 1331.754 1366.699 1382.983 1334.361 1262.961 1161.057 1018.335 1194.598 1305.589 1356.62 1419.786 1473.8 1489.053 1517.085 1600.789 1783.747 2093.807 2309.237 2180.463 1970.146 1844.961 1763.873 1712.288 1673.582 1645.037 1622.831 1603.368 1585.803 1570.178 1556.04 1542.908 1531.092 1520.388 1509.603 1498.967 1488.456 1475.051 1461.529 1448.751 1436.464 1427.886 1426.292 1432.345 1443.186 1455.98 1467.909 1480.508 1494.421 1514.572 1537.378
1125.814 1134.036 1145.782 1158.099 1168.059 1171.801 1173.7 1177.507 1183.353 1189.143 1195.87 1203.333 1213.146 1225.901 1242.753 1267.214 1295.516 1318.333 1334.26 1333.844 1308.951 1270.507 1229.932 1216.014 1276.808 1325.156 1364.782 1414.969 1444.44 1468.992 1507.012 1574.203 1692.847 1856.14 1966.787 1948.659 1858.55 1790.236 1730.698 1688.97 1658.258 1633.518 1613.483 1596.083 1580.931 1567.197 1554.688 1543.128 1531.215 1520.838 1510.594 1497.441 1487.073 1473.81 1457.534 1439.108 1419.958 1404.925 1402.106 1412.317 1429.334 1446.36 1459.233 1469.788 1479.246 1490.674 1502.875
1129.388 1137.179 1148.738 1162.173 1172.689 1174.655 1174.444 1177.343 1181.674 1185.546 1189.329 1193.576 1201.837 1215.947 1236.928 1266.01 1286.923 1307.459 1317.106 1316.732 1303.793 1291.66 1295.476 1323.003 1321.201 1355.07 1439.1 1463.855 1454.359 1464.733 1495.865 1543.247 1615.355 1704.598 1767.771 1786.219 1756.817 1735.707 1700.018 1670.819 1645.758 1627.481 1610.965 1596.367 1582.392 1570.117 1558.749 1547.449 1537.691 1527.945 1517.623 1507.085 1494.538 1479.217 1458.152 1431.689 1400.89 1375.136 1370.603 1389.877 1418.04 1441.166 1455.835 1464.171 1468.356 1472.26 1476.303
1127.642 1136.808 1149.025 1161.927 1171.106 1173.81 1175.674 1178.971 1182.427 1183.576 1183.444 1183.128 1186.757 1203.737 1225.252 1256.995 1278.83 1299.551 1310.481 1312.885 1307.771 1308.559 1313.76 1326.355 1351.724 1416.714 1549.688 1538.532 1467.654 1464.193 1483.659 1515.635 1561.856 1616.729 1658.545 1684.938 1683.159 1680.314 1663.696 1645.75 1629.965 1615.446 1602.608 1588.502 1577.72 1567.448 1558.058 1548.975 1540.609 1532.453 1522.889 1513.258 1501.073 1486.294 1462.869 1430.494 1389.484 1351.996 1344.901 1374.814 1414.133 1441.917 1456.056 1461.272 1460.988 1459.39 1456.828
1121.476 1134.117 1147.027 1158.727 1167.196 1172.004 1175.621 1179.05 1181.12 1178.809 1171.932 1163.129 1160.857 1178.937 1206.744 1242.75 1271.214 1292.284 1305.773 1313.512 1313.614 1320.258 1329.151 1345.672 1375.875 1426.87 1486.608 1484.678 1461.139 1459.42 1469.607 1491.916 1523.461 1560.914 1589.874 1613.619 1620.45 1626.461 1619.821 1611.677 1601.705 1591.946 1581.651 1571.952 1564.369 1554.629 1547.355 1540.057 1533.957 1528.265 1522.99 1516.153 1509.726 1495.807 1476.016 1445.533 1403.379 1362.751 1354.965 1387.565 1427.532 1452.786 1462.923 1462.907 1457.281 1450.249 1441.515
1109.816 1127.131 1141.962 1154.757 1164.732 1171.425 1176.2 1180.05 1181.533 1175.199 1161.967 1138.126 1122.099 1133.088 1177.549 1224.691 1261.261 1288.506 1305.535 1317.137 1321.257 1330.386 1342.132 1357.937 1384.832 1417.797 1444.114 1452.02 1455.633 1450.611 1460.96 1479.263 1503.017 1530.353 1552.641 1572.829 1581.058 1592.071 1590.51 1588.752 1583.434 1576.966 1570.997 1564.388 1558.492 1552.387 1544.783 1539.707 1534.927 1531.962 1529.005 1525.019 1522.259 1514.597 1500.67 1479.121 1448.38 1419.211 1413.872 1435.696 1461.483 1475.606 1476.52 1468.883 1456.602 1443.128 1429.44
1097.087 1122.038 1140.669 1155.171 1165.788 1174.076 1179.721 1186.143 1185.994 1176.9 1160.976 1123.912 1089.528 1101.065 1156.121 1214.624 1256.025 1284.927 1304.142 1319.927 1325.505 1337.347 1349.61 1366.024 1386.79 1412.704 1429.489 1439.913 1443.91 1445.939 1457.895 1473.407 1492.121 1512.246 1531.464 1547.489 1555.572 1571.109 1572.124 1571.046 1567.506 1563.496 1558.499 1552.783 1550.095 1543.445 1542.254 1538.879 1536.293 1536.781 1536.79 1536.816 1538.052 1537.081 1533.939 1526.984 1514.791 1501.832 1498.123 1502.779 1507.647 1506.188 1495.121 1477.703 1457.562 1437.851 1419.293
1090.862 1124.412 1147.682 1163.965 1175.15 1185.11 1192.157 1196.37 1194.135 1187.377 1170.334 1136.733 1108.06 1119.503 1170.178 1221.886 1261.344 1289.13 1310.034 1325.444 1331.938 1343.781 1356.471 1370.432 1387.598 1407.523 1419.917 1429.853 1438.602 1448.326 1459.717 1473.184 1489.076 1505.325 1518.158 1534.314 1539.561 1549.656 1554.764 1555.403 1553.814 1551.994 1549.354 1545.911 1542.1 1540.526 1537.176 1536.093 1537.135 1539.433 1542.611 1547.666 1556.027 1564.141 1572.85 1583.449 1592.048 1594.857 1588.992 1572.455 1556.941 1540.726 1516.35 1487.163 1457.676 1431.684 1409.343
1100.194 1133.249 1155.933 1172.526 1184.69 1195.909 1201.741 1205.351 1210.863 1204.757 1190.957 1171.403 1159.411 1170.725 1203.369 1241.06 1274.109 1298.531 1316.859 1330.854 1338.042 1348.524 1359.735 1372.221 1385.714 1402.067 1410.37 1417.918 1427.793 1442.9 1457.664 1473.26 1489.527 1503.264 1512.013 1522.208 1527.745 1532.737 1537.642 1537.943 1537.842 1536.961 1534.837 1534.417 1532.464 1530.84 1530.27 1530.495 1533.392 1538.287 1546.536 1556.539 1571.952 1591.318 1615.796 1645.701 1678.929 1704.404 1696.181 1646.628 1611.727 1582.978 1541.65 1497.557 1457.13 1425.354 1399.043
1129.421 1155.514 1174.546 1188.568 1200.383 1208.239 1212.743 1222.274 1223.418 1220.029 1214.619 1208.866 1207.012 1219.398 1240.905 1269.101 1293.31 1311.786 1327.008 1340.584 1345.4 1354.678 1363.307 1372.705 1385.843 1396.505 1399.474 1402.413 1409.868 1428.811 1451.235 1478.77 1502.244 1514.111 1515.971 1518.751 1519.4 1520.926 1522.878 1524.754 1525.673 1525.383 1524.502 1523.238 1523.441 1523.051 1523.67 1526.596 1531.609 1537.877 1548.665 1563.92 1586.571 1614.98 1653.458 1707.104 1774.082 1844.051 1864.325 1784.939 1707.319 1638.648 1566.148 1502.646 1450.854 1412.542 1384.151
1163.559 1183.259 1197.267 1208.459 1214.696 1220.667 1229.679 1233.352 1235.543 1237.786 1237.334 1238.439 1242.144 1256.295 1274.27 1293.601 1312.955 1328.002 1340.695 1350.35 1353.187 1360.625 1367.3 1374.514 1383.921 1389.706 1386.041 1379.735 1377.835 1397.185 1438.545 1494.496 1537.377 1542.865 1528.621 1519.283 1512.614 1511.629 1509.5 1510.572 1513.232 1513.501 1513.361 1512.968 1513.61 1515.193 1517.744 1521.137 1527.235 1537.373 1550.181 1569.716 1596.555 1633.063 1684.033 1755.419 1854.843 1985.3 2087.464 2012.588 1838.635 1694.741 1583.741 1498.902 1434.576 1389.896 1361.218
1200.007 1215.963 1225.683 1230.563 1231.205 1238.078 1241.172 1244.073 1249.124 1250.73 1254.955 1260.1 1270.646 1284.799 1300.456 1317.109 1331.828 1342.726 1352.147 1358.571 1360.375 1365.04 1369.709 1375.159 1383.176 1380.917 1367.75 1346.738 1321.575 1330.854 1406.079 1517.6 1591.821 1581.255 1543.229 1520.249 1507.526 1503.06 1500.125 1499.985 1502.253 1502.86 1503.24 1503.763 1505.6 1507.018 1511.408 1515.705 1522.858 1532.847 1550.069 1570.469 1602.254 1643.319 1700.554 1778.948 1885.433 2030.671 2158.631 2091.914 1892.682 1713.671 1578.987 1477.456 1401.699 1351.111 1323.92
1241.453 1259.794 1262.674 1257.563 1253.776 1252.288 1251.509 1253.801 1257.208 1259.04 1265.56 1278.636 1290.181 1309.433 1326.561 1343.208 1356.772 1365.387 1369.607 1374.907 1373.105 1374.596 1377.81 1379.962 1384.674 1378 1355.982 1317.9 1259.349 1243.062 1350.373 1504.538 1593.248 1582.17 1542.17 1515.675 1501.326 1492.548 1489.295 1492.41 1496.645 1497.807 1499.939 1500.685 1503.3 1505.019 1508.361 1514.276 1521.943 1532.652 1548.552 1572.284 1604.232 1647.765 1706.984 1781.597 1866.145 1956.014 2027.129 1980.711 1834.76 1679.969 1547.542 1439.299 1349.616 1287.807 1264.797
1287.552 1310.612 1304.717 1287.296 1274.222 1267.883 1265.685 1265.979 1269.209 1274.574 1282.815 1294.439 1308.489 1331.968 1352.538 1372.936 1388.251 1393.748 1392.149 1390.929 1385.865 1385.967 1387.121 1389.686 1390.834 1383.425 1358.319 1318.525 1262.296 1248.098 1338.338 1458.732 1528.345 1537.373 1517.884 1500.541 1489.552 1478.293 1478.581 1480.062 1489.509 1492.375 1492.958 1495.346 1498.465 1500.495 1504.204 1510.098 1517.904 1528.282 1543.681 1564.623 1597.02 1639.743 1696.647 1766.521 1830.07 1861.344 1869.945 1828.219 1731.464 1615.883 1502.064 1392.433 1286.567 1204.164 1184.723
1323.752 1350.194 1336.047 1308.413 1289.094 1280.92 1277.698 1278.856 1282.701 1287.939 1297.785 1309.949 1326.176 1351.976 1375.688 1403.515 1423.983 1427.026 1416.708 1408.584 1400.689 1401.581 1401.991 1406.107 1405.565 1397.818 1375.582 1348.09 1320.075 1323.764 1373.082 1436.402 1479.3 1493.872 1489.398 1480.397 1473.924 1466.048 1468.054 1468.323 1472.254 1483.674 1484.918 1485.531 1489.237 1491.345 1495.39 1500.338 1507.145 1518.582 1533.074 1553.533 1581.615 1617.886 1666.26 1722.496 1766.299 1770.886 1750.956 1707.771 1638.429 1553.755 1460.475 1359.527 1247.236 1148.998 1130.424
