tethysapp/magdalena_cauca_data_viewer/public/raster/prec.asc
ncols         279
nrows         527
xllcorner     -77.443335897482
yllcorner     1.0063127949056
cellsize      0.020005794964035
NODATA_value  -9999
[rows 390 to 419 of 527, columns 67 to 133 of 279]
1349.67 1261.107 1344.721 1367.552 1354.182 1417.67 1497.607 1562.376 1621.516 1669.776 1715.543 1760.895 1799.646 1838.938 1879.408 1921.254 1963.354 2003.032 2039.793 2082.09 2122.425 2170.33 2225.415 2283.681 2341.185 2399.106 2450.542 2498.22 2564.535 2671.212 2679.428 2559.999 2474.136 2476.773 2442.749 2319.487 2196.261 2104.598 2038.768 1981.207 1926.266 1873.704 1817.168 1770.638 1727.361 1698.838 1676.158 1653.155 1637.827 1636.573 1644.25 1661.564 1680.975 1705.056 1733.271 1764.126 1792.143 1818.568 1855.726 1898.425 1920.615 1961.619 2034.348 2130.667 2210.199 2192.729 2140.707
1375.931 1320.823 1359.409 1343.398 1307.702 1391.665 1483.785 1555.49 1615.577 1669.384 1719.92 1766.748 1811.768 1854.744 1897.254 1938.991 1987.628 2034.534 2078.203 2121.932 2163.654 2214.523 2270.16 2332.882 2394.921 2445.636 2480.43 2515.445 2587.369 2703.721 2738.849 2578.567 2489.507 2512.1 2482.743 2342.58 2205.422 2105.051 2031.089 1973.064 1918.098 1872.355 1826.411 1787.585 1747.725 1714.335 1690.529 1665.371 1655.359 1655.46 1657.678 1669.832 1689.172 1710.152 1732.486 1760.656 1789.599 1811.691 1843.305 1891.446 1937.935 1999.309 2068.112 2122.729 2178.641 2258.352 2187.059
1414.153 1394.324 1400.133 1389.642 1384.598 1431.568 1494.561 1554.74 1613.941 1670.731 1725.719 1778.229 1829.016 1876.661 1926.089 1974.15 2024.172 2073.698 2121.526 2163.624 2206.87 2258.44 2321.225 2396.341 2480.438 2548.99 2564.35 2547.857 2558.536 2603.472 2598.181 2512.45 2445.631 2431.54 2391.869 2288.04 2176.71 2090.968 2021.436 1963.489 1912.898 1866.667 1824.421 1787.99 1749.91 1713.914 1688.496 1665.581 1655.484 1656.093 1657.036 1667.059 1680.14 1699.765 1726.204 1754.404 1783.707 1810.861 1846.779 1898.57 1963.832 2057.818 2162.67 2181.418 2164.396 2197.12 2152.344
1374.906 1390.67 1416.778 1431.156 1442.372 1464.818 1504.517 1557.995 1616.436 1673.979 1733.163 1790.341 1849.181 1902.549 1958.076 2012.765 2066.484 2116.159 2164.47 2209.218 2249.41 2299.984 2368.634 2460.878 2590.336 2719.31 2720.047 2611.306 2532.986 2506.9 2476.789 2422.279 2368.717 2327.911 2278.432 2206.98 2130.617 2063.038 2007.134 1954.599 1905.334 1861.838 1820.536 1786.028 1746.434 1709.565 1681.589 1657.604 1647.218 1643.975 1642.91 1652.055 1663.088 1684.643 1710.41 1738.664 1770.957 1805.058 1847.064 1903.778 1980.985 2104.665 2278.338 2285.279 2160.757 2129.389 2117.152
1210.557 1322.675 1409.94 1442.091 1442.241 1447.186 1492.281 1555.501 1621.291 1683.63 1743.444 1806.121 1868.176 1930.97 1992.423 2054.382 2114.022 2168.527 2213.983 2255.836 2292.629 2335.478 2400.552 2500.214 2659.107 2845.399 2839.39 2653.709 2514.004 2443.212 2393.907 2343.021 2292.963 2242.695 2189.68 2134.059 2082.012 2036.258 1988.507 1940.154 1893.003 1848.627 1808.118 1772.065 1731.139 1691.342 1662.938 1638.506 1625.029 1620.797 1615.17 1625.422 1636.781 1657.867 1686.87 1718.923 1754.19 1791.525 1838.992 1896.721 1970.801 2075.809 2191.607 2201.712 2147.069 2127.974 2130.579
1031.939 1267.948 1407.208 1447.561 1426.049 1417.063 1481.464 1559.764 1631.093 1699.074 1761.984 1828.776 1896.903 1965.065 2038.172 2107.609 2176.222 2235.168 2279.282 2311.482 2336.278 2366.782 2412.321 2488.605 2612.755 2745.687 2736.718 2595.54 2472.139 2390.488 2334.299 2281.249 2231.975 2177.454 2122.265 2075.049 2043.266 2013.991 1975.754 1932.234 1884.024 1839.097 1794.059 1758.603 1713.894 1671.9 1641.001 1614.595 1596.468 1589.87 1585.035 1591.856 1606.319 1628.802 1659.923 1697.103 1734.224 1772.409 1821.117 1876.311 1938.792 2011.201 2076.844 2119.113 2186.359 2208.32 2117.066
1225.34 1341.882 1437.105 1470.504 1459.869 1459.942 1511.981 1581.844 1650.828 1714.584 1781.65 1852.37 1924.615 2001.998 2085.335 2173.213 2257.06 2325.055 2367.05 2382.968 2387.205 2395.789 2419.007 2457.452 2513.911 2566.828 2557.798 2489.567 2409.544 2343.806 2287.007 2234.488 2185.15 2130.353 2075.401 2034.645 2020.698 2003.074 1964.199 1917.883 1869.625 1822.208 1773.728 1735.815 1691.093 1647.585 1615.529 1583.915 1562.442 1551.071 1546.618 1548.301 1560.283 1586.307 1627.078 1669.409 1711.566 1751.259 1797.67 1848.274 1899.532 1952.436 2007.512 2077.244 2198.439 2234.622 2075.563
1438.79 1453.838 1489.807 1508.907 1516.012 1529.178 1565.681 1619.474 1680.203 1741.531 1805.617 1879.567 1958.229 2042.998 2146.321 2259.645 2374.329 2465.887 2502.333 2486.411 2452.54 2434.563 2432.483 2438.158 2447.841 2453.725 2439.375 2402.479 2352.019 2304.18 2252.777 2202.364 2154.101 2102.883 2054.966 2022.55 2014.97 1995.743 1954.637 1905.047 1854.732 1805.886 1755.194 1717.614 1672.876 1627.187 1594.271 1559.799 1532.537 1514.427 1513.655 1507.767 1509.127 1544.708 1594.981 1640.282 1685.772 1727.726 1775.032 1818.96 1859.855 1898.755 1942.423 1997.732 2063.326 2065.093 1957.552
1547.678 1533.643 1543.818 1552.648 1565.111 1583.92 1613.529 1658.654 1706.294 1760.918 1823.293 1900.567 1984.728 2082.655 2197.428 2350.47 2524.775 2681.071 2723.194 2631.53 2525.524 2473.495 2459.697 2446.049 2426.597 2406.124 2381.023 2351.399 2313.045 2273.417 2230.92 2183.614 2138.594 2091.759 2050.862 2022.813 2006.231 1977.56 1932.125 1881.634 1828.749 1778.698 1728.282 1689.385 1644.83 1599.551 1568.183 1539.007 1513.33 1497.705 1498.658 1469.756 1464.165 1511.603 1566.434 1617.683 1662.021 1709.509 1761.177 1804.948 1833.491 1853.441 1876.542 1900.033 1919.067 1898.996 1823.189
1601.005 1580.948 1581.844 1587.341 1601.021 1621.266 1648.657 1688.65 1732.203 1784.266 1844.927 1920.684 2008.144 2112.509 2243.677 2430.939 2681.087 2957.084 3035.279 2809.46 2585.818 2501.526 2497.773 2476.764 2435.146 2394.458 2359.026 2329.619 2296.274 2259.287 2221.897 2175.938 2133.642 2089 2049.562 2016.699 1985.823 1949.677 1901.966 1851.756 1799.629 1750.806 1699.3 1659.432 1613.758 1571.365 1542.922 1518.465 1505.425 1499.793 1493.503 1471.244 1468.286 1504.9 1552.385 1598.272 1646.051 1699.112 1760.861 1817.156 1831.68 1822.264 1816.857 1812.713 1802.552 1767.208 1702.484
1624.213 1604.732 1604.959 1610.827 1622.547 1643.471 1669.172 1708.87 1749.303 1795.659 1854.53 1928.609 2014.979 2120.277 2258.434 2452.817 2730.598 3072.207 3182.04 2874.208 2597.771 2507.656 2533.603 2479.367 2442.656 2392.689 2352.105 2325.058 2296.855 2268.678 2231.233 2184.836 2140.8 2095.168 2051.609 2009.408 1968.392 1925.007 1877.24 1827.256 1777.961 1728.335 1677.348 1633.255 1585.387 1545.02 1519.091 1497.434 1489.483 1488.184 1486.441 1482.546 1486.637 1509.47 1542.678 1582.859 1627.764 1685.019 1757.952 1825.41 1834.369 1799.948 1767.99 1741.261 1708.613 1653.727 1578.436
1629.988 1612.604 1613.897 1622.594 1633.703 1658.788 1687.669 1727.875 1766.692 1813.98 1870.131 1941.695 2022.404 2120.694 2242.851 2407.686 2623.703 2848.735 2907.638 2726.038 2551.103 2488.662 2490.781 2468.225 2428.607 2383.918 2350.386 2331.973 2312.288 2288.161 2254.248 2206.574 2158.528 2105.945 2055.042 2003.557 1951.855 1902.015 1850.309 1802.067 1753.883 1708.277 1653.251 1603.707 1551.394 1509.235 1482.47 1462.562 1456.566 1460.055 1463.283 1469.163 1481.172 1499.846 1528.811 1566.824 1607.243 1659.424 1722.324 1777.158 1782.432 1751.71 1717.423 1678.709 1627.981 1546.964 1430.552
1620.469 1603.742 1609.638 1626.387 1644.872 1666.436 1695.446 1738.566 1777.917 1825.406 1876.719 1943.988 2017.116 2101.962 2199.064 2320.369 2452.035 2565.797 2593.827 2533.946 2467.5 2439.043 2435.189 2422.996 2398.16 2372.1 2352.508 2346.562 2339.147 2322.111 2293.748 2244.728 2190.234 2125.621 2060.795 2000.532 1940.533 1882.855 1827.223 1776.54 1731.482 1689.834 1631.7 1573.187 1515.412 1468.701 1436.156 1411.726 1410.119 1419.596 1426.333 1438.737 1453.976 1477.54 1506.072 1543.754 1585.443 1629.794 1675.339 1709.064 1714.614 1698.241 1670.417 1628.616 1567.149 1461.528 1294.408
1610.708 1595.128 1602.027 1624.265 1650.288 1675.095 1704.294 1746.318 1784.302 1831.57 1881.736 1945.263 2010.299 2080.905 2157.26 2239.822 2317.416 2376.417 2401.194 2392.838 2381.897 2380.059 2387.187 2389.308 2381.842 2370.847 2361.597 2366.25 2368.346 2360.581 2351.251 2304.812 2234.779 2151.899 2071.924 1997.644 1926.54 1863.162 1801.631 1746.528 1696.751 1653.916 1593.816 1532.955 1475.786 1427.831 1388.816 1360.383 1364.96 1375.215 1380.73 1397.206 1416.443 1443.312 1477.71 1519.472 1565.521 1613.647 1655.612 1678.673 1676.586 1660.047 1634.459 1592.697 1531.675 1426.262 1257.833
1599.423 1581.792 1591.09 1620.483 1651.506 1685.702 1716.066 1756.046 1793.469 1837.039 1884.848 1941.241 1997.824 2057.59 2118.296 2179.405 2229.605 2261.638 2281.729 2292.888 2309.381 2327.951 2353.695 2378.363 2389.806 2383.835 2370.807 2372.864 2377.586 2400.53 2444.595 2394.929 2286.598 2175.611 2077.254 1991.206 1912.023 1838.487 1772.12 1711.223 1655.932 1602.561 1542.823 1489.885 1440.182 1397.542 1361.311 1335.222 1340.703 1335.494 1335.296 1353.618 1378.717 1410.961 1447.912 1495.532 1550.846 1619.65 1686.555 1707.053 1676.372 1638.772 1605.603 1567.161 1517.936 1438.943 1326.236
1593.375 1567.513 1578.487 1617.959 1655.112 1688.01 1720.126 1759.786 1795.461 1836.58 1880.931 1932.226 1982.413 2035.514 2089.195 2140.467 2177.595 2193.509 2200.601 2220.193 2262.086 2301.668 2349.173 2408.956 2449.214 2436.647 2396.672 2378.063 2389.551 2456.023 2564.471 2478.915 2323.283 2189.645 2078.541 1981.829 1895.153 1819.718 1745.805 1680.134 1617.095 1558.201 1500.226 1451.081 1406.697 1372.503 1350.596 1333.895 1320.035 1290.914 1290.329 1315.547 1342.113 1377.34 1418.586 1469.578 1537.765 1635.371 1752.282 1777.788 1698.49 1627.266 1584.716 1550.62 1517.849 1472.792 1416.588
1604.529 1589.669 1599.755 1628.721 1664.14 1697.857 1729.843 1768.904 1802.556 1839.509 1878.152 1924.543 1969.358 2018.713 2070.585 2125.084 2163.237 2158.173 2120.894 2132.032 2227.668 2287.168 2358.91 2468.628 2575.615 2537.034 2431.359 2388.207 2400.878 2447.779 2499.274 2435.285 2303.968 2175.363 2062.227 1963.277 1870.606 1787.21 1710.476 1640.729 1574.025 1513.449 1456.667 1411.091 1373.076 1347.441 1331.131 1314.762 1292.001 1273.925 1272.165 1285.086 1309.2 1345.394 1384.788 1435.465 1502.68 1603.599 1724.5 1752.088 1667.107 1590.654 1549.606 1526.392 1512.368 1497.802 1482.672
1623.309 1618.751 1627.7 1645.619 1672.953 1704.954 1735.667 1772.341 1803.531 1836.453 1871.9 1911.757 1951.355 1996.748 2050.694 2118.704 2186.776 2168.971 2025.177 1973.924 2132.925 2256.195 2358.431 2491.031 2635.984 2580.857 2444.126 2392.254 2419.355 2481.555 2454.899 2365.409 2258.054 2144.465 2038.624 1941.789 1850.554 1764.64 1685.091 1611.636 1543.659 1478.865 1421.145 1376.123 1342.777 1324.818 1321.402 1304.875 1252.39 1199.322 1210.516 1242.164 1273.369 1313.43 1350.885 1393.947 1445.712 1514.325 1587.104 1607.403 1568.49 1526.438 1505.638 1499.821 1506.367 1517.769 1535.091
1636.949 1635.548 1645.799 1659.462 1682.378 1712.057 1738.786 1773.537 1800.299 1831.121 1862.341 1893.758 1925.051 1962.853 2013.759 2085.032 2160.94 2148.363 2010.144 1960.935 2098.117 2235.897 2345.183 2441.667 2505.907 2481.687 2407.251 2371.724 2411.572 2505.614 2456.38 2318.852 2204.279 2098.067 1998.534 1906.063 1815.909 1734.048 1653.843 1577.684 1506.716 1442.132 1385.407 1338.478 1308.108 1303.094 1313.471 1292.997 1212.814 1101.888 1135.471 1186.835 1237.646 1283.249 1319.588 1347.629 1378.054 1409.188 1436.962 1446.592 1439.791 1434.434 1441.826 1458.298 1486.97 1525.203 1572.78
1642.806 1645.428 1659.708 1674.223 1697.774 1723.301 1749.305 1777.834 1806.493 1834.404 1857.732 1879.002 1896.717 1917.248 1954.46 2013.512 2071.965 2087.188 2060.238 2068.114 2144.44 2248.276 2355.303 2453.65 2491.478 2441.322 2374.001 2335.616 2344.942 2374.61 2339.328 2238.556 2143.086 2051.617 1962.965 1877.174 1790.673 1709.961 1630.178 1550.523 1479.74 1412.786 1352.048 1298.654 1256.643 1257.748 1353.926 1298.453 1213.219 1108.479 1037.697 1135.144 1210.764 1258.548 1288.632 1303.241 1308.743 1309.47 1303.673 1300.311 1306.92 1332.056 1369.824 1413.654 1467.064 1532.651 1615.345
1637.9 1644.963 1662.307 1678.118 1702.371 1725.495 1750.941 1779.05 1800.11 1824.129 1842.155 1852.323 1849.744 1844.218 1860.762 1916.37 1986.228 2037.443 2069.374 2106.86 2170.199 2254.714 2365.532 2510.745 2589.829 2451.347 2346.354 2289.649 2262.496 2243.198 2205.993 2139.819 2072.295 1999.115 1921.624 1840.506 1759.658 1679.26 1599.067 1522.654 1452.317 1386.491 1323.382 1262.698 1203.307 1165.72 1216.689 1263.117 1217.707 1119.456 1056.35 1137.925 1203.595 1243.506 1259.874 1258.622 1240.598 1210.386 1176.252 1151.586 1161.572 1217.519 1290.108 1362.274 1438.883 1527.405 1643.968
1637.972 1654.536 1673.184 1691.591 1714.986 1739.553 1764.645 1790.808 1810.759 1827.722 1835.505 1830.068 1801.306 1754.742 1741.366 1812.446 1915.442 1997.609 2057.633 2110.244 2170.926 2241.415 2333.214 2439.297 2474.836 2378.548 2310.868 2249.74 2196.826 2149.814 2108.202 2062.157 2015.602 1956.661 1889.089 1813.743 1734.511 1654.909 1575.288 1498.264 1427.258 1362.802 1304.165 1241.14 1167.548 1150.588 1197.273 1234.714 1228.548 1191.783 1164.997 1187.147 1215.77 1236.106 1237.935 1218.849 1175.73 1116.419 1059.326 1002.976 1011.172 1109.065 1218.995 1316.408 1411.715 1517.246 1655.614
1631.125 1649.206 1672.528 1691.811 1715.827 1740.96 1765.019 1790.019 1806.461 1821.202 1825.789 1811.32 1766.193 1686.966 1646.412 1739.718 1870.227 1968.936 2037.625 2094.295 2150.302 2207.33 2270.472 2323.278 2333.571 2318.86 2287.873 2214.591 2143.297 2081.468 2042.521 2015.034 1975.094 1921.951 1861.62 1791.534 1714.378 1634.547 1552.874 1474.479 1399.817 1335.438 1286.95 1239.682 1175.898 1160.425 1211.462 1236.396 1241.118 1231.425 1218.068 1221.896 1228.051 1231.311 1220.083 1184.361 1119.9 1032.811 976.7336 908.8004 915.1257 1046.831 1175.757 1283.556 1386.146 1496.167 1635.81
1619.3 1642.042 1668.67 1689.407 1715.505 1741.791 1766.641 1788.763 1805.11 1817.838 1823.268 1812.697 1774.244 1711.014 1683.912 1763.992 1874.805 1961.755 2025.087 2076.941 2123.703 2167.304 2209.369 2245.979 2271.559 2284.771 2249.188 2174.233 2101.778 2042.475 2020.54 1999.539 1938.786 1890.123 1836.007 1771.054 1694.968 1616.428 1533.213 1449.799 1365.21 1288.865 1248.649 1237.985 1222.046 1217.391 1232.88 1245.07 1251.287 1249.91 1243.524 1240.718 1234.296 1226.242 1205.948 1163.962 1093.074 997.3237 941.504 957.1037 969.6774 1062.296 1170.538 1267.918 1364.154 1465.839 1586.694
1613.624 1643.551 1673.949 1695.931 1722.542 1750.886 1773.498 1796.322 1813.702 1826.579 1832.613 1828.512 1810.711 1788.722 1794.352 1847.031 1912.416 1971.021 2020.451 2063.2 2100.708 2131.85 2160.891 2184.148 2202.854 2205.14 2176.63 2121.821 2068.26 2027.327 2011.823 1970.06 1897.242 1864.491 1818.61 1756.601 1684.729 1606.105 1521.405 1432.662 1333.323 1224.156 1169.171 1210.837 1219.663 1230.202 1245.349 1254.468 1259.813 1259.959 1253.412 1249.042 1235.88 1226.408 1205.331 1162.81 1099.671 1035.155 1007.388 1020.046 1050.895 1112.264 1190.571 1269.223 1352.15 1438.13 1534.624
1608.167 1642.543 1676.959 1702.276 1731.132 1757.631 1778.184 1801.617 1819.424 1829.574 1839.964 1843.827 1844.951 1850.457 1873.576 1913.592 1948.063 1980.593 2018.31 2054.369 2082.642 2105.741 2123.175 2134.506 2139.234 2132.767 2109.295 2071.187 2036.606 2005.494 1980.521 1934.756 1885.554 1848.056 1802.376 1745.424 1677.176 1605.059 1520.456 1431.589 1331.967 1224.535 1170.579 1191.326 1166.988 1211.5 1245.811 1258.239 1263.97 1263.847 1254.499 1247.928 1235.351 1225.632 1206.762 1170.412 1113.155 1046.495 1034.172 1069.089 1107.165 1157.144 1216.426 1275.015 1344.694 1412.863 1489.795
1612.09 1644.806 1679.47 1704.557 1732.338 1761.778 1780.942 1801.582 1819.212 1831.505 1843.38 1854.964 1865.266 1880.789 1908.996 1940.914 1964.933 1984.532 2015.269 2046.827 2078.57 2099.546 2110.795 2108.858 2100.536 2081.251 2059.161 2028.709 2004.515 1977.831 1953.454 1911.816 1875.382 1834.169 1787.378 1736.279 1674.487 1608.375 1529.228 1444.779 1359.619 1282.536 1236.804 1199.002 1163.777 1210.148 1245.458 1259.093 1264.095 1260.76 1247.18 1238.267 1226.931 1221.4 1211.041 1186.332 1143.065 1094.468 1085.621 1116.664 1152.802 1194.326 1240.532 1283.298 1337.396 1390.548 1442.67
1624.86 1651.932 1682.592 1705.389 1731.793 1758.731 1778.715 1798.635 1815.565 1830.02 1843.041 1855.508 1870.86 1888.382 1913.792 1940.765 1961.514 1981.967 2012.921 2049.455 2088.224 2120.86 2131.458 2113.104 2081.243 2055.27 2028.264 1999.962 1980.612 1958.124 1937.356 1899.401 1865.324 1824.922 1781.07 1738.106 1686.36 1625.921 1550.02 1468.873 1391.25 1323.402 1268.856 1222.209 1207.445 1228.262 1251.695 1260.827 1261.667 1252.415 1233.583 1221.778 1212.384 1215.786 1215.799 1205.404 1184.189 1162.064 1156.079 1171.072 1195.533 1227.256 1262.786 1293.257 1335.223 1374.175 1414.742
1642.303 1663.929 1688.036 1709.17 1733.036 1759.677 1779.819 1798.977 1816.298 1828.086 1840.587 1853.011 1867.106 1884.593 1904.352 1924.728 1947.171 1972.004 2006.958 2049.73 2106.101 2167.336 2179.486 2135.781 2082.985 2038.514 2002.691 1974.945 1959.537 1947.038 1935.386 1901.921 1864.66 1818.993 1779.639 1748.597 1713.209 1654.676 1574.417 1492.123 1418.712 1351.006 1293.136 1241.729 1223.382 1240.521 1255.769 1259.78 1253.877 1236.776 1208.037 1192.468 1187.502 1201.314 1216.01 1220.095 1215.355 1209.036 1207.075 1215.272 1230.175 1252.695 1279.436 1301.012 1332.301 1361.073 1388.783
1650.742 1667.922 1689.424 1707.351 1728.838 1755.746 1773.895 1794.248 1808.355 1818.286 1831.801 1842.109 1854.722 1867.453 1885.01 1901.277 1924.496 1954.15 1994.214 2044.226 2108.618 2187.36 2213.468 2164.225 2088.076 2027.571 1984.221 1956.052 1948.522 1955.375 1961.608 1926.453 1875.296 1820.837 1781.834 1768.894 1755.556 1687.944 1598.361 1514.534 1442.193 1376.508 1320.231 1273.243 1245.262 1237.215 1248.914 1254.47 1247.342 1217.3 1168.98 1162.842 1169.08 1190.997 1218.031 1232.556 1237.552 1239.543 1241.006 1246.677 1256.435 1272.624 1293.026 1307.43 1331.949 1351.679 1374.672
