tethysapp/magdalena_cauca_data_viewer/public/raster/prec.asc
ncols         279
nrows         527
xllcorner     -77.443335897482
yllcorner     1.0063127949056
cellsize      0.020005794964035
NODATA_value  -9999
[rows 120 to 149 of 527, columns 67 to 133 of 279]
-9999 -9999 -9999 -9999 -9999 -9999 -9999 -9999 -9999 -9999 -9999 -9999 -9999 -9999 -9999 -9999 -9999 -9999 -9999 -9999 -9999 -9999 -9999 -9999 -9999 -9999 -9999 -9999 -9999 -9999 -9999 -9999 -9999 1407.648 1393.109 1384.615 1387.337 1403.46 1426.868 1451.846 1472.958 1493.766 1509.514 1522.67 1530.243 1535.128 1537.743 1539.339 1537.821 1531.606 1515.107 1496.327 1485.076 1503.096 1540.105 1577.467 1607.135 1628.356 1639.122 1653.777 1648.445 1636.357 1635.999 1671.565 1737.281 1805.063 1858.542
-9999 -9999 -9999 -9999 -9999 -9999 -9999 -9999 -9999 -9999 -9999 -9999 -9999 -9999 -9999 -9999 -9999 -9999 -9999 -9999 -9999 -9999 -9999 -9999 -9999 -9999 -9999 -9999 -9999 -9999 -9999 -9999 1431.949 1417.5 1397.262 1382.334 1384.556 1407.366 1436.949 1465.997 1489.339 1508.156 1524.02 1535.49 1543.464 1548.186 1550.888 1554.822 1556.165 1555.425 1547.48 1542.544 1540.709 1559.797 1587.809 1616.059 1641.273 1661.437 1676.037 1689.451 1699.101 1710.595 1733.955 1772.508 1830.765 1890.667 1938.126
-9999 -9999 -9999 -9999 -9999 -9999 -9999 -9999 -9999 -9999 -9999 -9999 -9999 -9999 -9999 -9999 -9999 -9999 -9999 -9999 -9999 -9999 -9999 -9999 -9999 -9999 -9999 -9999 -9999 -9999 -9999 -9999 1445.145 1431.683 1412.295 1399.812 1403.91 1424.399 1452.203 1480.247 1502.377 1520.291 1535.612 1547.392 1554.359 1559.153 1562.847 1567.934 1571.926 1577.306 1577.49 1587.546 1592.629 1608.408 1627.017 1647.182 1666.036 1682.364 1695.722 1716.39 1737.994 1766.259 1805.847 1853.34 1916.607 1979.64 2023.07
-9999 -9999 -9999 -9999 -9999 -9999 -9999 -9999 -9999 -9999 -9999 -9999 -9999 -9999 -9999 -9999 -9999 -9999 -9999 -9999 -9999 -9999 -9999 -9999 -9999 -9999 -9999 -9999 -9999 -9999 -9999 -9999 1462.775 1454.548 1440.786 1433.941 1439.821 1455.08 1478.12 1502.918 1522.736 1538.295 1553.019 1562.073 1567.303 1570.376 1573.646 1579.557 1587.103 1599.303 1606.195 1623.181 1632.829 1647.15 1662.427 1677.477 1688.836 1698.416 1707.167 1732.343 1764.506 1808.947 1863.485 1923.695 1999.192 2078.424 2126.158
-9999 -9999 -9999 -9999 -9999 -9999 -9999 -9999 -9999 -9999 -9999 -9999 -9999 -9999 -9999 -9999 -9999 -9999 -9999 -9999 -9999 -9999 -9999 -9999 -9999 -9999 -9999 -9999 -9999 -9999 -9999 -9999 1479.01 1476.461 1469.279 1467.676 1475.299 1485.766 1502.293 1522.959 1539.465 1553.564 1566.93 1573.846 1574.976 1572.963 1572.008 1580.517 1594.145 1615.285 1630.389 1649.023 1661.036 1675.696 1687.504 1697.607 1698.406 1693.298 1689.307 1712.003 1760.117 1823.381 1895.289 1968.825 2057.294 2158.245 2224.812
-9999 -9999 -9999 -9999 -9999 -9999 -9999 -9999 -9999 -9999 -9999 -9999 -9999 -9999 -9999 -9999 -9999 -9999 -9999 -9999 -9999 -9999 -9999 -9999 -9999 -9999 -9999 -9999 -9999 -9999 -9999 -9999 1495.661 1498.145 1495.671 1500.828 1509.37 1518.823 1532.62 1551.507 1565.253 1576.475 1586.054 1588.492 1582.072 1569.041 1559.292 1568.942 1597.06 1628.165 1651.052 1673.623 1686.645 1703.101 1711.694 1712.157 1698.722 1667.068 1633.171 1649.775 1726.468 1823.366 1917.783 1995.269 2082.39 2176.818 2237.41
-9999 -9999 -9999 -9999 -9999 -9999 -9999 -9999 -9999 -9999 -9999 -9999 -9999 -9999 -9999 -9999 -9999 -9999 -9999 -9999 -9999 -9999 -9999 -9999 -9999 -9999 -9999 -9999 -9999 -9999 -9999 -9999 1501.04 1505.603 1507.957 1517.257 1529.406 1540.746 1553.458 1569.299 1582.324 1590.816 1598.089 1597.159 1585.443 1563.512 1544.945 1555.871 1593.494 1633.817 1661.266 1684.374 1696.069 1710.96 1718.136 1716.417 1693.245 1633.594 1558.483 1567.024 1683.924 1814.846 1924.858 2003.905 2077.437 2144.595 2181.769
-9999 -9999 -9999 -9999 -9999 -9999 -9999 -9999 -9999 -9999 -9999 -9999 -9999 -9999 -9999 -9999 -9999 -9999 -9999 -9999 -9999 -9999 -9999 -9999 -9999 -9999 -9999 -9999 -9999 -9999 -9999 -9999 1496.019 1501.028 1509.754 1527.404 1549.411 1563.82 1578.525 1594.921 1606.851 1615.536 1623.261 1620.019 1604.724 1580.063 1562.42 1574.394 1612.068 1654.959 1680.327 1701.22 1706.2 1718.372 1727.857 1732.946 1713.559 1651.708 1571.914 1581.352 1703.642 1839.255 1949.419 2022.371 2083.687 2132.045 2165.121
-9999 -9999 -9999 -9999 -9999 -9999 -9999 -9999 -9999 -9999 -9999 -9999 -9999 -9999 -9999 -9999 -9999 -9999 -9999 -9999 -9999 -9999 -9999 -9999 -9999 -9999 -9999 -9999 -9999 -9999 -9999 -9999 1473.767 1477.108 1495.839 1523.899 1554.707 1575.656 1592.93 1609.997 1622.731 1632.022 1639.585 1637.99 1627.884 1613.255 1604.247 1617.473 1644.678 1677.328 1694.389 1705.11 1696.657 1693.264 1714.574 1739.587 1740.528 1712.546 1677.686 1696.793 1782.674 1887.615 1981.201 2047.019 2095.224 2137.415 2171.235
-9999 -9999 -9999 -9999 -9999 -9999 -9999 -9999 -9999 -9999 -9999 -9999 -9999 -9999 -9999 -9999 -9999 -9999 -9999 -9999 -9999 -9999 -9999 -9999 -9999 -9999 -9999 -9999 -9999 -9999 -9999 -9999 1446.958 1448.049 1477.297 1518.432 1557.874 1584.994 1605.251 1624.07 1638.006 1647.894 1662.404 1664.161 1660.174 1654.647 1652.882 1663.266 1681.117 1701.934 1709.541 1711.281 1686.28 1638.445 1696.542 1744.864 1771.542 1776.798 1781.477 1808.615 1869.479 1945.824 2022.54 2077.948 2118.787 2151.519 2187.061
-9999 -9999 -9999 -9999 -9999 -9999 -9999 -9999 -9999 -9999 -9999 -9999 -9999 -9999 -9999 -9999 -9999 -9999 -9999 -9999 -9999 -9999 -9999 -9999 -9999 -9999 -9999 -9999 -9999 -9999 -9999 -9999 1439.074 1439.145 1476.177 1524.572 1570.179 1601.695 1628.175 1649.256 1663.56 1676.48 1689.699 1694.532 1696.656 1696.561 1699.078 1708.152 1718.543 1733.644 1733.381 1728.922 1713.747 1730.09 1717.173 1762.05 1802.221 1831.181 1857.662 1891.296 1941.351 2001.281 2064.991 2112.25 2141.291 2162.855 2196.487
-9999 -9999 -9999 -9999 -9999 -9999 -9999 -9999 -9999 -9999 -9999 -9999 -9999 -9999 -9999 -9999 -9999 -9999 -9999 -9999 -9999 -9999 -9999 -9999 -9999 -9999 -9999 -9999 -9999 -9999 -9999 -9999 1469.358 1470.76 1501.691 1544.75 1589.917 1624.637 1652.211 1674.769 1691.105 1707.32 1723.896 1731.565 1736.579 1740.943 1747.395 1759.218 1765.349 1776.994 1771.53 1765.576 1746.23 1742.934 1762.73 1808.044 1856.346 1898.563 1934.469 1973.552 2018.991 2067.726 2112.847 2144.371 2153.785 2156.314 2199.678
-9999 -9999 -9999 -9999 -9999 -9999 -9999 -9999 -9999 -9999 -9999 -9999 -9999 -9999 -9999 -9999 -9999 -9999 -9999 -9999 -9999 -9999 -9999 -9999 -9999 -9999 -9999 -9999 -9999 -9999 -9999 1542.679 1525.318 1527.16 1547.08 1580.825 1616.087 1643.555 1672.438 1696.695 1713.823 1728.855 1750.76 1760.138 1767.556 1774.308 1783.652 1794.316 1798.546 1809.483 1805.213 1806.189 1795.982 1799.519 1821.652 1863.276 1907.086 1949.127 1990.369 2029.998 2065.972 2106.48 2145.378 2163.103 2161.324 2158.949 2207.119
-9999 -9999 -9999 -9999 -9999 -9999 -9999 -9999 -9999 -9999 -9999 -9999 -9999 -9999 -9999 -9999 -9999 -9999 -9999 -9999 -9999 -9999 -9999 -9999 -9999 -9999 -9999 -9999 -9999 -9999 -9999 1584.122 1576.758 1579.143 1588.799 1615.251 1643.493 1667.37 1695.294 1719.125 1739.528 1754.404 1777.246 1788.714 1797.504 1807.55 1815.534 1824.115 1827.5 1838.752 1838.645 1849.475 1850.785 1861.255 1883.891 1917.112 1956.232 1994.102 2035.207 2073.55 2110.563 2144.302 2176.404 2191.775 2195.49 2206.4 2244.203
-9999 -9999 -9999 -9999 -9999 -9999 -9999 -9999 -9999 -9999 -9999 -9999 -9999 -9999 -9999 -9999 -9999 -9999 -9999 -9999 -9999 -9999 -9999 -9999 -9999 -9999 -9999 -9999 -9999 -9999 -9999 1605.849 1604.109 1608.541 1616.975 1635.061 1664.229 1685.997 1711.387 1734.664 1755.557 1770.994 1794.575 1806.657 1818.305 1826.244 1832.806 1837.36 1839.339 1852.395 1859.547 1879.646 1891.842 1910.808 1934.17 1964.608 1999.584 2036.717 2076.109 2108.411 2142.503 2173.575 2204.242 2222.657 2237.974 2256.654 2284.915
-9999 -9999 -9999 -9999 -9999 -9999 -9999 -9999 -9999 -9999 -9999 -9999 -9999 -9999 -9999 -9999 -9999 -9999 -9999 -9999 -9999 -9999 -9999 -9999 -9999 -9999 -9999 -9999 -9999 -9999 1610.136 1611.292 1612.119 1620.185 1632.435 1653.871 1680.463 1702.24 1727.991 1747.743 1768.508 1785.627 1809.042 1825.219 1834.325 1841.52 1840.918 1839.087 1836.65 1847.428 1863.595 1897.679 1922.689 1949.476 1975.45 2005.948 2038.652 2073.747 2111.489 2144.725 2173.236 2203.057 2234.683 2256.743 2276.525 2296.919 2320.734
-9999 -9999 -9999 -9999 -9999 -9999 -9999 -9999 -9999 -9999 -9999 -9999 -9999 -9999 -9999 -9999 -9999 -9999 -9999 -9999 -9999 -9999 -9999 -9999 -9999 -9999 -9999 -9999 -9999 1606.738 1610.858 1611.651 1613.766 1626.396 1645.149 1669.063 1703.329 1725.498 1754.323 1776.764 1794.251 1813.046 1835.529 1850.861 1859.092 1861.26 1851.878 1836.51 1819.207 1825.824 1857.862 1907.7 1948.022 1984.462 2017.112 2048.814 2081.948 2115.272 2152.091 2186.816 2217.446 2246.224 2276.413 2299.718 2320.674 2339.745 2354.16
-9999 -9999 -9999 -9999 -9999 -9999 -9999 -9999 -9999 -9999 -9999 -9999 -9999 -9999 -9999 -9999 -9999 -9999 -9999 -9999 -9999 -9999 -9999 -9999 -9999 -9999 -9999 -9999 -9999 1594.539 1600.885 1608.549 1614.773 1632.117 1654.756 1682.056 1710.957 1737.655 1766.664 1789.927 1807.912 1824.931 1847.95 1862.887 1869.917 1869.138 1854.142 1829.109 1800.097 1804.427 1850.394 1916.432 1970.004 2011.708 2048.603 2082.874 2116.161 2149.267 2186.332 2220.395 2250.199 2278.45 2308.437 2334.114 2358.834 2377.64 2387.991
-9999 -9999 -9999 -9999 -9999 -9999 -9999 -9999 -9999 -9999 -9999 -9999 -9999 -9999 -9999 -9999 -9999 -9999 -9999 -9999 -9999 -9999 -9999 -9999 -9999 -9999 -9999 -9999 -9999 1566.272 1568.047 1588.239 1611.085 1639.344 1666.886 1697.063 1728.019 1751.832 1785.125 1808.529 1829.312 1845.673 1869.144 1881.906 1885.566 1884.512 1872.079 1846.113 1819.722 1825.704 1871.481 1941.351 1996.664 2043.439 2082.635 2116.03 2150.001 2183.421 2223.539 2255.15 2284.691 2312.766 2345.231 2375.891 2398.104 2417.901 2432.763
-9999 -9999 -9999 -9999 -9999 -9999 -9999 -9999 -9999 -9999 -9999 -9999 -9999 -9999 -9999 -9999 -9999 -9999 -9999 -9999 -9999 -9999 -9999 -9999 -9999 -9999 -9999 -9999 -9999 1532.7 1524.666 1559.191 1602.927 1643.402 1676.118 1706.604 1736.485 1759.485 1789.927 1816.8 1840.582 1857.426 1880.308 1888.865 1892.162 1892.072 1885.711 1878.372 1870.818 1882.599 1918.7 1980.671 2032.191 2077.908 2113.111 2149.953 2181.291 2218.972 2253.81 2285.739 2316.34 2345.465 2377.588 2409.49 2434.679 2457.895 2480.55
-9999 -9999 -9999 -9999 -9999 -9999 -9999 -9999 -9999 -9999 -9999 -9999 -9999 -9999 -9999 -9999 -9999 -9999 -9999 -9999 -9999 -9999 -9999 -9999 -9999 -9999 -9999 -9999 -9999 -9999 1520.058 1556.054 1606.693 1652.741 1685.616 1716.679 1742.17 1764.835 1795.922 1823.873 1844.999 1872.478 1888.683 1897.673 1894.291 1893.419 1892.719 1908.609 1922.531 1942.299 1973.222 2029.348 2071.388 2113.65 2151.342 2181.989 2216.432 2250.959 2287.742 2320.702 2350.923 2380.667 2412.75 2445.82 2472.654 2498.383 2524.809
-9999 -9999 -9999 -9999 -9999 -9999 -9999 -9999 -9999 -9999 -9999 -9999 -9999 -9999 -9999 -9999 -9999 -9999 -9999 -9999 -9999 -9999 -9999 -9999 -9999 1683.926 1662.27 -9999 -9999 -9999 1561.073 1589.793 1631.832 1671.953 1701.14 1724.867 1746.279 1769.994 1803.851 1835.807 1859.922 1879.287 1900.609 1905.652 1900.204 1896.506 1909.189 1939.757 1973.248 2004.281 2036.169 2085.987 2123.656 2160.718 2195.655 2231.398 2265.099 2300.103 2333.331 2364.882 2401.274 2430.649 2458.949 2487.67 2513.259 2536.932 2560.097
-9999 -9999 -9999 -9999 -9999 -9999 -9999 -9999 -9999 -9999 -9999 -9999 -9999 -9999 -9999 -9999 -9999 -9999 -9999 -9999 -9999 -9999 -9999 -9999 1720.86 1706.763 1687.99 1662.488 1637.404 1617.923 1619.58 1638.717 1663.54 1690.47 1704.957 1716.778 1730.412 1757.855 1798.775 1837.837 1867.803 1894.084 1914.066 1916.217 1911.625 1914.854 1927.813 1966.618 2011.342 2047.985 2079.039 2126.195 2159.552 2190.772 2224.984 2259.549 2293.7 2329.004 2361.516 2394.076 2431.712 2462.934 2490.665 2522.389 2545.505 2568.446 2587.561
-9999 -9999 -9999 -9999 -9999 -9999 -9999 -9999 -9999 -9999 -9999 -9999 -9999 -9999 -9999 -9999 -9999 -9999 -9999 -9999 -9999 -9999 -9999 -9999 1743.873 1733.385 1717.832 1696.756 1680.928 1669.538 1673.986 1683.864 1693.652 1700.712 1693.249 1684.449 1693.002 1730.105 1784.96 1836.987 1875.689 1903.603 1925.96 1933.519 1941.14 1949.255 1969.452 2008.313 2050.471 2085.751 2114.077 2160.759 2188.718 2216.047 2247.982 2282.878 2318.315 2354.136 2388.71 2428.633 2461.222 2492.489 2523.838 2553.334 2576.786 2598.304 2615.562
-9999 -9999 -9999 -9999 -9999 -9999 -9999 -9999 -9999 -9999 -9999 -9999 -9999 -9999 -9999 -9999 -9999 -9999 -9999 -9999 -9999 -9999 -9999 1768.777 1767.795 1759.394 1748.71 1734.364 1723.072 1715.675 1716.009 1720.648 1715.66 1704.993 1673.736 1641.87 1646.15 1699.079 1773.424 1840.619 1886.621 1915.59 1938.716 1956.137 1967.051 1991.74 2018.195 2054.091 2088.219 2118.529 2141.711 2180.434 2205.834 2236.016 2270.52 2306.876 2345.673 2383.197 2418.854 2458.894 2493.176 2527.919 2565.243 2587.833 2611.011 2631.853 2648.741
-9999 -9999 -9999 -9999 -9999 -9999 -9999 -9999 -9999 -9999 -9999 -9999 -9999 -9999 -9999 -9999 -9999 -9999 -9999 -9999 -9999 -9999 -9999 1797.699 1797.313 1792.339 1785.479 1774.452 1765.821 1756.101 1756.813 1754.545 1739.426 1716.103 1671.24 1627.867 1630.434 1694.018 1781.534 1854.587 1903.264 1929.492 1950.959 1968.613 1992.064 2028.167 2059.774 2093.221 2122.518 2142.709 2157.559 2186.514 2211.254 2246.85 2285.278 2326.677 2368.619 2410.019 2452.949 2490.646 2528.449 2569.496 2595.456 2622.989 2645.565 2665.264 2680.671
-9999 -9999 -9999 -9999 -9999 -9999 -9999 -9999 -9999 -9999 -9999 -9999 -9999 -9999 -9999 -9999 -9999 -9999 -9999 -9999 -9999 -9999 1815.566 1818.272 1821.116 1817.973 1815.756 1805.314 1798.951 1789.48 1787.63 1784.663 1765.301 1742.16 1703.027 1670.82 1676.404 1732.317 1812.956 1878.737 1919.364 1939.959 1950.996 1973.623 2009.027 2055.449 2091.148 2120.795 2141.407 2152.59 2157.502 2176.987 2204.858 2247.56 2293.854 2340.655 2386.826 2432.23 2476.927 2518.289 2558.82 2594.708 2625.831 2653.943 2676.627 2696.801 2708.898
-9999 -9999 -9999 -9999 -9999 -9999 -9999 -9999 -9999 -9999 -9999 -9999 -9999 -9999 -9999 -9999 -9999 -9999 -9999 -9999 -9999 1842.441 1840.465 1844.875 1848.734 1848.963 1847.943 1839.029 1836.089 1827.272 1826.609 1823.545 1808.132 1791.049 1767.899 1754.05 1763.97 1806.472 1868.416 1918.968 1946.446 1953.189 1962.999 1992.388 2040.912 2090.928 2124.904 2148.732 2157.604 2155.176 2148.977 2159.346 2196.836 2252.555 2309.608 2363.582 2414.552 2463.562 2508.08 2554.956 2594.477 2629.73 2662.31 2686.377 2709.355 2733.22 2741.603
-9999 -9999 -9999 -9999 -9999 -9999 -9999 -9999 -9999 -9999 -9999 -9999 -9999 -9999 -9999 -9999 -9999 -9999 -9999 -9999 -9999 1871.205 1869.96 1876.157 1881.889 1883.897 1882.51 1876.629 1874.214 1868.24 1866.722 1869.113 1857.223 1854.205 1847.817 1845.445 1858.156 1888.14 1932.748 1967.989 1986.489 1992.132 2006.291 2037.146 2076.579 2123.708 2159.632 2175.369 2172.824 2157.009 2143.306 2150.045 2198.577 2265.08 2329.294 2388.265 2442.463 2493.114 2540.787 2588.951 2630.593 2667.092 2699.928 2730.181 2755.302 2776.876 2783.286
-9999 -9999 -9999 -9999 -9999 -9999 -9999 -9999 -9999 -9999 -9999 -9999 -9999 -9999 -9999 -9999 -9999 -9999 -9999 -9999 1876.792 1883.074 1884.359 1890.979 1896.867 1900 1900.48 1894.128 1894.775 1891.124 1894.778 1899.463 1899.993 1905.135 1908.415 1916.374 1928.221 1949.735 1983.208 2009.119 2026.706 2037.787 2057.528 2082.335 2118.75 2158.895 2188.965 2199.581 2194.167 2177.199 2163.604 2179.785 2230.682 2298.532 2360.985 2418.78 2471.731 2522.313 2569.15 2617.448 2660.91 2701.629 2737.818 2765.581 2790.833 2816.748 2829.67
