tethysapp/magdalena_cauca_data_viewer/public/raster/prec.asc
ncols         279
nrows         527
xllcorner     -77.443335897482
yllcorner     1.0063127949056
cellsize      0.020005794964035
NODATA_value  -9999
[rows 360 to 389 of 527, columns 67 to 133 of 279]
1317.069 1337.349 1391.082 1464.886 1507.091 1528.447 1562.015 1608.335 1654.917 1698.709 1735.99 1788.825 1847.875 1890.704 1871.935 1897.658 1958.097 2048.908 2177.764 2335.515 2295.941 2113.078 1958.047 1835.158 1728.934 1630.857 1526.067 1405.775 1264.86 1202.454 1298.993 1426.354 1542.656 1625.504 1656.174 1668.124 1691.677 1720.799 1745.956 1758.829 1770.744 1773.933 1777.463 1764.63 1751.482 1734.036 1712.729 1686.71 1648.619 1600.526 1550.632 1532.337 1489.998 1486.48 1506.836 1514.917 1511.356 1498.946 1475.958 1447.587 1416.991 1382.38 1353.309 1327.107 1305.554 1289.562 1278.923
1325.911 1347.021 1424.084 1527.206 1564.016 1546.491 1563.469 1607.385 1654.26 1700.042 1736.91 1785.916 1834.137 1861.205 1867.872 1890.79 1937.529 2001.323 2112.42 2226.025 2203.336 2069.266 1933.573 1818.947 1715.229 1626.375 1537.483 1449.261 1378.019 1343.991 1385.702 1467.719 1551.145 1612.305 1643.272 1666.579 1692.303 1719.429 1744.651 1755.505 1766.676 1769.953 1775.157 1763.017 1750.982 1737.124 1725.078 1711.126 1676.22 1623.998 1573.825 1542.441 1526.74 1519.047 1520.426 1519.419 1513.134 1501.651 1482.619 1456.795 1429.619 1395.234 1361.834 1323.356 1282.614 1247.626 1203.592
1358.793 1390.316 1449.921 1523.429 1553.527 1550.768 1570.558 1613.206 1665.844 1715.424 1742.881 1780.311 1814.116 1841.28 1859.207 1881.319 1915.508 1965.18 2022.438 2067.031 2053.774 1981.652 1891.074 1799.046 1713.135 1634.879 1553.173 1481.821 1453.379 1450.244 1472.099 1520.248 1573.011 1619.478 1647.063 1674.015 1700.734 1726.077 1748.757 1761.039 1773.585 1782.356 1791.512 1782.055 1765.481 1750.339 1751.873 1765.008 1730.354 1660.153 1607.64 1573.183 1552.197 1538.113 1528.724 1521.878 1515.034 1505.477 1490.13 1468.513 1442.091 1407.76 1364.485 1309.993 1248.572 1215.618 1160.292
1388.51 1427.266 1467.136 1502.015 1526.539 1547.969 1575.35 1617.291 1670.048 1720.797 1747.086 1783.648 1814.576 1841.266 1861.094 1874.34 1890.054 1919.279 1941.752 1954.372 1944.036 1903.075 1846.437 1779.984 1711.699 1647.677 1577.806 1514.343 1493.675 1512.384 1533.394 1565.642 1601.841 1635.35 1659.409 1683.995 1709.382 1733.547 1755.693 1770.161 1787.902 1807.552 1830.697 1824.918 1792.206 1765.8 1769.901 1806.153 1767.639 1680.979 1627.884 1595.455 1568.247 1544.727 1524.532 1511.762 1508.012 1505.253 1495.915 1478.502 1455.868 1419.166 1373.168 1307.404 1233.975 1207.486 1222.174
1408.4 1451.735 1484.093 1498.179 1517.553 1550.214 1582.542 1623.151 1669.14 1716.479 1755.741 1802.162 1841.085 1873.117 1883.984 1879.523 1872.755 1877.935 1879.171 1877.985 1871.388 1847.479 1810.993 1765.616 1714.195 1668.068 1618.905 1575.369 1560.51 1568.792 1584.042 1605.471 1632.361 1659.193 1675.516 1697.738 1721.703 1743.501 1765.232 1782.841 1803.073 1833.665 1881.967 1882.904 1822.475 1772.285 1755.26 1758.385 1722.253 1659.443 1624.267 1601.793 1573.592 1539.651 1501.516 1479.892 1490.898 1502.106 1501.01 1489.552 1471.181 1438.784 1395.045 1335.783 1274.711 1228.988 1237.206
1423.09 1472.661 1497.743 1498.265 1522.859 1563.154 1600.332 1637.703 1678.381 1727.578 1777.904 1846.796 1914.493 1959.268 1952.351 1910.971 1869.623 1841.901 1815.788 1814.292 1818.262 1807.829 1787.046 1754.003 1717.452 1688.87 1659.107 1633.012 1619.56 1620.942 1630.031 1643.98 1662.161 1681.473 1692.616 1711.226 1732.182 1752.817 1775.946 1796.331 1818.244 1839.325 1883.578 1885.894 1823.759 1767.688 1733.111 1706.389 1663.148 1610.257 1600.792 1601.505 1577.442 1536.079 1478.483 1445.601 1476.189 1499.085 1505.217 1499.5 1486.304 1460.644 1428.193 1383.009 1337.934 1304.972 1314.312
1451.857 1504.145 1527.436 1535.201 1556.854 1595.518 1633.906 1667.588 1700.183 1749.047 1812.935 1919.453 2053.822 2142.578 2085.853 1973.181 1883.164 1807.195 1748.718 1760.133 1781.12 1783.499 1773.933 1751.132 1725.548 1708.144 1693.078 1675.325 1666.149 1666.101 1669.512 1678.518 1690.163 1705.072 1710.478 1725.305 1742.784 1763.184 1786.617 1812.214 1840.056 1843.236 1842.139 1832.671 1796.541 1755.498 1720.113 1685.707 1640.146 1586.523 1587.178 1603.343 1585.822 1547.209 1499.483 1473.518 1485.705 1496.817 1504.954 1504.988 1498.079 1482.717 1461.975 1434.528 1408.336 1395.388 1406.91
1497.122 1549.48 1572.254 1575.592 1592.736 1629.566 1676.861 1697.816 1713.159 1754.905 1828.569 1971.976 2200.087 2376.416 2233.542 2022.289 1895.548 1793.193 1717.922 1731.487 1757.863 1763.921 1759.599 1745.884 1727.285 1716.19 1710.326 1703.297 1698.857 1699.305 1700.216 1705.446 1712.161 1721.916 1724.318 1735.553 1751.231 1768.198 1789.566 1813.511 1841.799 1840.218 1817.187 1794.127 1769.752 1740.991 1712.837 1683.808 1653.379 1624.47 1615.882 1615.555 1598.37 1567.359 1535.493 1510.25 1492.495 1489.35 1504.931 1509.111 1507.25 1501.154 1495.512 1482.031 1471.617 1469.515 1482.612
1544.555 1585.496 1596.452 1604.065 1622.729 1654.007 1692.713 1704.906 1713.14 1746.887 1812.499 1948.26 2168.716 2338.715 2205.676 2004.285 1882.945 1805.776 1751.818 1742.507 1752.376 1754.897 1750.715 1740.732 1728.13 1722.931 1719.182 1723.59 1720.684 1725.127 1723.759 1725.757 1729.7 1736.405 1735.345 1745.014 1756.59 1770.798 1786.847 1799.122 1812.745 1808.756 1793.076 1769.968 1751.414 1731.401 1710.382 1691.388 1676.619 1665.078 1648.721 1634.456 1613.744 1588.715 1563.758 1537.278 1511.706 1503.902 1513.556 1507.323 1503.592 1515.029 1522.865 1524.873 1523.404 1526.058 1538.843
1592.087 1613.906 1621.502 1641.104 1655.486 1670.476 1683.887 1691.703 1702.669 1726.318 1768.091 1854.015 1972.653 2055.765 2012.288 1912.893 1836.801 1791.405 1759.453 1746.961 1747.369 1746.063 1742.145 1734 1727.968 1726.986 1727.072 1732.192 1735.411 1740.296 1739.152 1739.36 1741.781 1748.148 1745.059 1755.006 1762.736 1773.38 1783.724 1784.071 1787.279 1780.584 1771.745 1752.994 1739.321 1725.375 1713.57 1706.368 1703.488 1696.653 1678.622 1655.994 1632.709 1610.335 1589.547 1566.917 1549.328 1539.567 1530.833 1502.895 1495.014 1527.697 1553.915 1562.748 1565.878 1570.462 1581.642
1658.308 1677.4 1697.794 1704.455 1694.856 1691.619 1688.733 1687.59 1687.392 1694.353 1708.755 1744.871 1790.961 1828.898 1830.15 1799.412 1770.09 1754.339 1742.163 1734.791 1735.705 1735.429 1732.057 1726.126 1725.1 1721.876 1726.27 1738.391 1742.608 1745.438 1745.068 1746.401 1749.816 1756.167 1754.778 1762.126 1770.417 1777.125 1781.462 1776.955 1774.589 1764.13 1757.76 1741.463 1730.538 1721.618 1717.145 1720.777 1736.717 1743.592 1710.275 1674.069 1647.283 1626.373 1610.236 1592.046 1580.693 1570.483 1558.008 1534.062 1530.315 1558.582 1587.396 1597.908 1602.433 1606.729 1615.322
1748.204 1749.777 1739.431 1736.649 1726.139 1719.946 1706.368 1688.556 1671.186 1656.185 1648.457 1655.866 1670.453 1688.565 1694.535 1694.548 1698.782 1708.785 1713.038 1717.741 1720.657 1721.448 1717.484 1714.93 1714.358 1715.993 1724.824 1737.796 1744.364 1746.265 1745.774 1748.747 1755.984 1764.942 1764.842 1773.73 1777.881 1781.393 1785.33 1774.902 1770.008 1757.238 1750.615 1735.162 1726.689 1719.149 1718.1 1726.557 1754.217 1771.55 1727.2 1683.784 1655.594 1634.852 1623.743 1610.202 1601.505 1596.177 1590.555 1586.001 1587.346 1604.871 1625.082 1634.302 1636.648 1638.53 1645.289
1818.683 1863.121 1790.416 1758.497 1761.229 1766.562 1739.542 1694.989 1650.186 1609.387 1594.791 1609.252 1609.489 1599.129 1581.936 1588.251 1624.602 1662.519 1683.465 1697.149 1703.66 1705.166 1697.932 1695.903 1696.943 1701.485 1713.611 1731.396 1741.926 1749.155 1750.189 1755.991 1765.195 1773.527 1774.261 1780.107 1782.713 1789.274 1793.383 1781.402 1773.142 1755.896 1747.899 1731.676 1721.792 1714.142 1710.766 1713.253 1727.345 1731.503 1705.996 1677.607 1656.495 1637.878 1629.332 1619.395 1614.867 1613.82 1616.606 1623.093 1632.136 1646.805 1664.568 1670.481 1668.77 1667.551 1674.076
2050.207 2120.102 1880.75 1801.963 1827.187 1867.281 1800.194 1707.178 1622.75 1543.184 1513.303 1569.563 1570.326 1528.628 1466.925 1481.621 1559.611 1627.804 1661.302 1682.103 1691.941 1692.937 1680.767 1668.395 1661.263 1670.02 1690.955 1717.813 1738.626 1751.876 1758.391 1767.742 1776.379 1784.006 1786.792 1792.057 1794.016 1800.574 1805.679 1795.912 1782.525 1759.547 1747.449 1729.47 1719.778 1709.689 1700.962 1695.234 1690.248 1683.082 1674.627 1663.926 1650.698 1635.671 1626.322 1615.77 1615.735 1621.024 1633.021 1648.492 1663.838 1680.157 1699.355 1702.745 1695.617 1694.077 1702.085
2039.697 2060.538 1880.312 1814.793 1875.086 1959.739 1842.597 1711.465 1590.074 1430.533 1284.873 1359.011 1472.276 1480.054 1414.683 1438.51 1534.916 1612.172 1656 1678.701 1686.298 1676.152 1649.427 1617.121 1595.931 1608.918 1649.571 1694.729 1731.554 1752.723 1764.511 1779.334 1788.548 1796.69 1799.581 1803.705 1806.881 1812.745 1820.715 1811.547 1793.151 1768.392 1751.646 1733.845 1721.269 1708.592 1695.313 1681.338 1664.676 1648.868 1648.465 1652.723 1647.872 1632.89 1615.653 1596.691 1594.433 1610.989 1639.399 1665.226 1684.683 1699.491 1712.334 1713.894 1712.253 1716.064 1725.761
1821.97 1845.609 1801.185 1779.549 1815.342 1850.399 1791.16 1708.109 1586.629 1354.893 1063.792 1171.992 1398.065 1474.709 1471.845 1493.821 1556.88 1616.2 1655.126 1674.653 1676.867 1658.715 1614.057 1547.934 1496.754 1517.625 1594.716 1673.359 1728.013 1761.836 1779.753 1793.395 1806.174 1814.232 1814.861 1815.709 1816.745 1819.76 1822.941 1814.224 1794.176 1768.102 1750.726 1732.652 1719.704 1703.803 1688.158 1669.933 1646.446 1624.261 1627.542 1641.843 1640.066 1621.938 1591.659 1551.744 1540.06 1576.824 1635.87 1679.206 1702.946 1715.057 1720.051 1722.081 1731.367 1740.992 1748.279
1703.731 1725.507 1722.085 1717.894 1728.014 1740.205 1754.362 1770.573 1677.654 1465.688 1264.881 1294.69 1423.8 1496.607 1528.39 1555.816 1595 1633.617 1665.816 1680.417 1678.122 1650.662 1591.093 1493.311 1404.278 1436.145 1557.372 1664.077 1736.478 1779.839 1801.847 1816.868 1827.334 1834.221 1832.767 1833.367 1828.389 1826.499 1823.948 1809.1 1793.623 1773.476 1755.172 1735.948 1720.889 1704.975 1687.211 1667.834 1645.418 1629.671 1631.224 1639.498 1634.354 1615.068 1574.695 1504.093 1489.745 1553.15 1641.435 1699.762 1724.829 1741.02 1751.548 1757.899 1766.648 1774.446 1778.51
1646.232 1657.921 1657.054 1653.279 1649.14 1655.949 1761.022 1991.342 1848.386 1613.923 1478.881 1456.318 1494.884 1537.112 1568.191 1597.023 1625.627 1651.477 1675.635 1685.402 1680.797 1659.394 1602.688 1512.296 1429.674 1460.781 1578.586 1685.582 1760.184 1808.07 1830.511 1845.48 1852.377 1855.381 1851.319 1849.612 1843.2 1836.843 1826.484 1809.429 1795.766 1773.646 1753 1734.765 1721.218 1704.853 1687.152 1665.287 1645.931 1636.708 1635.334 1636.204 1631.269 1617.28 1586.732 1535.339 1527.634 1590.964 1669.783 1724.292 1741.659 1771.029 1798.806 1809.489 1813.623 1815.721 1814.117
1614.106 1613.725 1607.722 1594.987 1565.066 1506.531 1523.844 1908.031 1807.698 1643.482 1565.433 1541.964 1551.242 1575.3 1603.148 1627.833 1651.006 1668.143 1686.11 1692.077 1690.792 1679.948 1645.829 1593.601 1554.06 1576.305 1654.143 1737.723 1802.825 1845.461 1868.719 1878.527 1884.023 1882.179 1873.539 1867.215 1860.369 1848.375 1834.403 1813.911 1795.804 1773.35 1748.395 1728.148 1717.38 1704.705 1684.431 1658.687 1635.158 1623.795 1623.48 1624.188 1625.995 1620.919 1611.662 1599.64 1607.162 1646.757 1700.824 1741.404 1763.519 1820.401 1865.416 1871.808 1871.583 1867.314 1859.589
1589.941 1573.195 1560.91 1543.678 1491.178 1332.423 1001.936 1185.211 1529.115 1582.736 1580.629 1581.245 1591.021 1608.857 1631.602 1653.644 1670.738 1683.653 1693.562 1694.261 1693.955 1694.65 1688.021 1674.829 1670.723 1692.697 1742.273 1802.704 1853.556 1894.167 1914.57 1919.628 1917.586 1910.337 1899.332 1888.684 1878.585 1866.519 1849.367 1824.32 1799.94 1773.393 1742.822 1719.478 1712.616 1703.703 1678.776 1642.789 1606.75 1584.755 1588.151 1603.153 1613.813 1613.064 1615.796 1629.177 1651.325 1685.926 1727.796 1768.734 1814.327 1889.91 1936.816 1933.838 1941.021 1929.628 1912.799
1559.295 1517.096 1502.063 1498.675 1463.902 1339.465 1151.682 1225.118 1439.579 1541.79 1579.197 1599.475 1615.827 1635.712 1657.451 1677.003 1690.019 1695.901 1696.735 1685.666 1678.425 1692.654 1713.943 1732.733 1751.339 1777.553 1817.461 1863.583 1907.016 1943.37 1960.617 1958.097 1947.74 1937.374 1926.97 1914.74 1901.828 1887.847 1869.146 1843.542 1816.012 1782.57 1746.892 1718.39 1711.793 1703.363 1673.281 1624.313 1562.903 1511.233 1523.91 1575.072 1599.723 1594.001 1595.331 1630.677 1670.051 1708.149 1751.38 1796.222 1845.803 1906.655 1949.959 2017.22 2046.39 1999.284 1970.39
1509.477 1413.055 1403.145 1453.731 1465.214 1424.344 1372.317 1397.24 1479.543 1546.248 1588.074 1614.714 1636.978 1658.977 1681.048 1698.023 1710.731 1710.771 1698.81 1668.981 1648.459 1676.927 1728.547 1773.104 1809.042 1843.408 1879.058 1916.157 1948.734 1980.154 1998.879 1985.448 1974.626 1962.348 1951.281 1940.867 1929.194 1912.79 1894.217 1866.594 1835.921 1800.712 1761.827 1733.436 1718.366 1701.358 1666.847 1611.038 1529.869 1441.118 1465.553 1552.711 1593.572 1592.879 1595.317 1633.273 1678.839 1724.597 1770.104 1817.536 1865.354 1913.726 1981.87 2133.978 2159.057 2045.065 2023.814
1466.828 1246.506 1276.148 1415.323 1472.284 1480.44 1478.68 1494.498 1532.458 1571.974 1604.623 1633.559 1658.464 1681.666 1703.395 1720.52 1730.452 1729.526 1713.153 1678.125 1655.217 1690.531 1755.786 1816.629 1862.466 1900.634 1933.646 1962.383 1984.083 2000.419 2009.899 2003.436 1992.492 1983.1 1973.823 1965.605 1957.672 1945.021 1927.133 1897.793 1861.15 1822.308 1782.75 1751.497 1726.909 1700.708 1666.806 1617.406 1553.959 1492.512 1505.306 1563.773 1593.269 1599.518 1606.81 1636.12 1682.175 1733.562 1786.152 1841.473 1892.024 1927.058 1970.36 2054.249 2076.756 2033.89 2019.225
1472.253 1344.688 1338.444 1434.471 1491.956 1518.068 1531.033 1550.199 1574.474 1602.591 1631.441 1659.825 1686.227 1706.361 1728.058 1745.494 1756.009 1756.847 1747.793 1728.584 1721.444 1752.237 1808.844 1868.568 1918.865 1958.709 1991.512 2016.32 2026.351 2029.2 2025.117 2021.472 2018.092 2012.811 2005.178 1997.172 1991.319 1989.796 1978.648 1946.845 1901.189 1847.044 1799.328 1759.618 1726.982 1695.893 1665.639 1628.691 1591.919 1564.822 1561.38 1580.326 1590.807 1573.757 1558.152 1609.679 1679.828 1741.645 1800.033 1861.113 1925.978 1942.14 1936.896 1963.63 1989.978 2000.754 2006.925
1521.403 1471.088 1457.442 1485.082 1517.534 1541.849 1558.892 1578.624 1602.701 1628.295 1653.71 1682.503 1707.156 1727.879 1749.222 1769.614 1783.335 1790.814 1792.889 1793.021 1801.591 1832.308 1879.581 1934.632 1986.375 2030.536 2063.786 2085.589 2090.862 2085.656 2073.697 2063.422 2055.99 2046.69 2035.801 2030.851 2032.516 2044.619 2048.285 2013.885 1947.675 1874.39 1808.26 1757.559 1714.88 1684.399 1660.631 1635.156 1607.464 1579.48 1566.724 1582.226 1589.395 1551.112 1511.16 1590 1682.043 1749.867 1805.102 1861.214 1916.482 1928.008 1922.324 1931.046 1952.894 1971.617 1984.579
1556.748 1525.599 1513.915 1519.373 1536.969 1558.071 1576.454 1596.85 1623.453 1649.005 1676.739 1702.716 1727.298 1747.01 1771.664 1785.746 1804.762 1820.13 1833.928 1847.964 1865.97 1902.345 1947.583 2001.97 2056.386 2107.401 2149.694 2176.073 2178.409 2167.224 2147.366 2127 2110.522 2092.766 2074.555 2063.413 2070.19 2103.147 2134.349 2095.34 1996.006 1894.221 1807.324 1736.492 1683.307 1654.823 1648.314 1630.441 1600.536 1552.161 1526.484 1569.066 1597.558 1588.322 1580.174 1633.299 1705.865 1763.263 1810.057 1851.666 1888.952 1911.432 1920.423 1930.254 1947.645 1966.191 1980.482
1561.735 1539.971 1529.575 1529.441 1540.868 1561.094 1580.952 1606.136 1636.121 1666.715 1696.479 1724.212 1748.513 1768.021 1793.243 1814.795 1837.787 1858.827 1877.289 1900.834 1927.038 1967.405 2014.927 2071.224 2131.336 2193.603 2250.827 2288.462 2286.875 2264.357 2231.202 2200.386 2172.386 2143.852 2116.355 2095.371 2094.067 2130.096 2173.403 2131.983 2017.341 1900 1799.016 1707.935 1627.711 1603.386 1626.215 1625.535 1598.552 1553.29 1528.468 1574.263 1613.168 1630.377 1648.72 1686.332 1736.369 1781.304 1813.759 1838.357 1870.959 1901.301 1923.317 1943.7 1962.831 1978.768 1987.523
1543.377 1523.262 1516.275 1516.648 1528.799 1550.41 1575.536 1605.386 1641.553 1678.454 1715.682 1744.079 1766.247 1785.866 1816.76 1844.092 1866.101 1893.311 1919.772 1949.719 1980.995 2022.975 2074.136 2135.036 2201.157 2277.15 2357.245 2412.786 2404.567 2364.748 2322.967 2282.947 2244.229 2207.824 2167.873 2132.037 2108.243 2111.671 2125.104 2086.712 1996.012 1892.287 1792.712 1696.541 1607.564 1583.013 1619.048 1621.825 1595.786 1579.015 1578.687 1604.653 1634.785 1661.283 1688.306 1723.1 1761.966 1797.997 1819.568 1826.916 1866.948 1905.574 1941.654 1980.134 2009.281 2018.277 2011.214
1500.563 1473.69 1472.747 1480.582 1497.097 1524.194 1556.672 1595.482 1637.333 1681.401 1721.776 1753.201 1778.615 1802.736 1837.811 1869.971 1899.759 1930.452 1961.808 1996.464 2031.238 2075.145 2127.174 2189.9 2257.898 2339.731 2432.801 2501.712 2486.758 2452.113 2419.308 2373.296 2325.69 2282.947 2237.04 2180.517 2128.901 2094.769 2070.984 2028.192 1961.52 1880.937 1797.465 1718.622 1652.733 1629.23 1635.517 1622.242 1587.609 1577.716 1600.535 1628.137 1656.612 1684.511 1711.826 1743.215 1779.123 1812.203 1839.499 1862.58 1895.627 1922.356 1973.99 2047.443 2104.709 2093.127 2052.689
1425.154 1375.213 1402.214 1426.619 1441.307 1477.076 1528.803 1580.174 1629.796 1677.548 1721.561 1757.638 1791.257 1822.589 1858.547 1898.231 1929.601 1966.677 1999.571 2038.638 2076.381 2124.259 2177.872 2236.685 2301.208 2373.233 2448.365 2501.544 2512.18 2545.772 2540.65 2472.093 2407.634 2376.537 2329.818 2248.699 2161.998 2097.357 2045.988 1997.042 1939.771 1874.94 1807.993 1748.809 1701.425 1673.433 1659.247 1635.235 1610.187 1605.2 1622.18 1646.807 1673.804 1699.181 1725.538 1756.45 1788.432 1820.361 1860.32 1904.965 1915.717 1938.471 2008.02 2123.912 2232.65 2175.417 2098.769
