tethysapp/magdalena_cauca_data_viewer/public/raster/t_max.asc
ncols         234
nrows         480
xllcorner     -76.963196818345
yllcorner     1.5464674667253
cellsize      0.020005795
NODATA_value  -9999
[rows 377 to 405 of 480, columns 0 to 65 of 234]
-9999 -9999 -9999 -9999 -9999 -9999 -9999 -9999 -9999 -9999 -9999 -9999 -9999 -9999 -9999 -9999 -9999 -9999 -9999 -9999 34.69278 35.13993 35.70874 36.17045 36.47763 36.65601 36.71022 36.65392 36.4992 36.15644 35.8615 35.47438 35.033 34.69135 34.74266 34.97063 35.2121 35.43803 35.49993 35.41038 35.19339 34.88067 34.51343 34.14405 33.78788 33.62862 33.48565 33.49962 33.32364 33.4628 33.69893 33.34568 33.54757 33.88819 34.2464 34.5479 34.93564 35.22298 35.59254 35.94981 36.29043 36.49362 36.79837 37.06725 37.2909 37.49402
-9999 -9999 -9999 -9999 -9999 -9999 -9999 -9999 -9999 -9999 -9999 -9999 -9999 -9999 -9999 -9999 -9999 -9999 -9999 -9999 34.6298 35.1196 35.70869 36.14916 36.41278 36.54496 36.58146 36.55099 36.50814 36.39923 36.20103 35.78103 35.43458 35.21539 35.19875 35.25254 35.4968 35.73344 35.80016 35.69993 35.50327 35.24718 34.9576 34.66484 34.41545 34.22392 33.79419 33.71539 33.76944 33.84441 34.12049 34.32418 34.53717 34.06918 34.39634 34.67432 35.0417 35.32295 35.6843 36.03887 36.38216 36.58827 36.90797 37.19484 37.43369 37.63009
-9999 -9999 -9999 -9999 -9999 -9999 -9999 -9999 -9999 -9999 -9999 -9999 -9999 -9999 -9999 -9999 -9999 -9999 -9999 34.88281 35.00194 35.44419 35.94076 36.29563 36.49518 36.5847 36.60453 36.5901 36.57006 36.53329 36.42681 36.26854 35.98897 35.51035 35.34681 35.48857 35.7197 35.94029 35.97742 35.86581 35.69459 35.4908 35.2666 35.0383 34.82512 34.67605 34.21514 34.11506 34.13282 34.16273 34.41438 34.56797 34.93915 34.75257 35.04379 35.34587 35.11948 35.76867 35.74652 36.09864 36.30103 36.65602 36.99696 37.31322 37.58618 37.79906
-9999 -9999 -9999 -9999 -9999 -9999 -9999 -9999 -9999 -9999 -9999 -9999 -9999 -9999 -9999 -9999 -9999 -9999 35.53345 35.47235 35.61806 35.94188 36.27411 36.49939 36.61362 36.65109 36.64239 36.61529 36.6005 36.59857 36.60838 36.70012 36.70702 36.25031 35.87244 35.80299 35.86527 35.95585 35.97338 35.90833 35.79589 35.65278 35.48888 35.31609 34.94632 34.75776 34.54031 34.53491 34.42561 34.57503 34.65049 34.7643 34.87211 34.84138 35.10176 35.37776 35.66515 35.77407 36.08427 36.25166 36.31551 36.6812 37.04046 37.38194 37.76207 37.93945
-9999 -9999 -9999 -9999 -9999 -9999 -9999 -9999 -9999 -9999 -9999 -9999 -9999 -9999 -9999 -9999 -9999 36.0664 36.02081 36.06216 36.22234 36.45702 36.6612 36.76903 36.79045 36.76296 36.71297 36.65803 36.62178 36.63388 36.74041 37.00479 37.18581 36.85498 36.35108 36.11044 36.02058 35.99191 35.97166 35.93944 35.87671 35.78413 35.66848 35.53515 35.18573 35.01842 34.91084 34.80236 34.80335 34.7961 34.84065 34.87506 34.99492 35.14487 35.12955 35.45402 35.71295 35.98426 35.88329 36.1966 36.51754 36.64992 37.01714 37.50735 37.7536 37.93497
-9999 -9999 -9999 -9999 -9999 -9999 -9999 -9999 -9999 -9999 -9999 -9999 -9999 -9999 -9999 -9999 -9999 36.4004 36.43134 36.52627 36.69029 36.88506 37.03001 37.06178 37.00064 36.90966 36.82403 36.75536 36.71891 36.73844 36.83346 36.9978 37.09641 36.93935 36.69626 36.36104 36.22462 36.14111 36.09112 36.05377 36.00799 35.94312 35.835 35.73531 35.38488 35.23222 35.15767 35.04375 35.00906 34.97158 34.9891 34.99476 35.08175 35.19868 35.21598 35.43231 35.6678 35.92077 36.00348 36.09665 36.41525 36.7409 37.12769 37.41738 37.66479 37.86582
-9999 -9999 -9999 -9999 -9999 -9999 -9999 -9999 -9999 -9999 -9999 -9999 -9999 -9999 -9999 -9999 36.63898 36.67378 36.74146 36.84982 36.99824 37.16742 37.29636 37.2987 37.18821 37.05993 36.96029 36.89453 36.86529 36.87761 36.92471 37.03586 37.04094 36.9836 36.88302 36.77666 36.47104 36.36859 36.29195 36.23311 36.17801 36.1156 36.04167 35.7294 35.59129 35.44613 35.34534 35.22499 35.17529 35.10417 35.05102 35.07762 35.1328 35.21711 35.17891 35.37529 35.5858 35.61378 35.86478 36.13694 36.33984 36.64474 36.97237 37.26303 37.57513 37.76487
-9999 -9999 -9999 -9999 -9999 -9999 -9999 -9999 -9999 -9999 -9999 -9999 -9999 -9999 -9999 36.83364 36.829 36.88898 36.97031 37.06936 37.17886 37.29253 37.38507 37.38379 37.28556 37.17421 37.09357 37.04892 37.03814 37.05754 37.19121 37.21462 37.22226 37.20591 37.15824 37.08227 36.99449 36.64893 36.54716 36.46242 36.38749 36.31407 36.23701 35.89917 35.76152 35.61541 35.51613 35.38593 35.20001 35.08932 35.12835 35.12507 35.14798 35.19879 35.27954 35.54644 35.2438 35.44726 35.67864 35.93611 36.13295 36.43095 36.7191 37.05276 37.39995 37.634
-9999 -9999 -9999 -9999 -9999 -9999 -9999 -9999 -9999 -9999 -9999 -9999 -9999 -9999 -9999 36.97179 37.0242 37.09383 37.14868 37.24047 37.31469 37.35635 37.37419 37.36568 37.31638 37.25603 37.21616 37.20821 37.23383 37.29086 37.48298 37.558 37.61543 37.62587 37.57317 37.47092 37.3504 36.97137 36.83615 36.72129 36.6217 36.53051 36.44235 36.06915 35.92358 35.76949 35.661 35.44879 35.30864 35.1757 35.17273 35.13799 35.12683 35.14194 35.18652 35.40776 35.05622 35.23222 35.44084 35.68072 36.01051 36.2901 36.44398 36.74686 37.27091 37.60537
-9999 -9999 -9999 -9999 -9999 -9999 -9999 -9999 -9999 -9999 -9999 -9999 -9999 -9999 -9999 37.08461 37.14821 37.22874 37.3236 37.42249 37.50745 37.52656 37.48243 37.43451 37.40432 37.33946 37.33724 37.37116 37.44629 37.69559 37.84888 38.03281 38.1897 38.22945 38.12228 37.93301 37.73671 37.57018 37.13923 36.99168 36.86625 36.75504 36.39087 36.23822 36.07875 35.94817 35.78807 35.55375 35.39198 35.23392 35.27521 35.11686 35.06857 35.04444 35.04887 34.71571 35.00607 35.12643 35.2877 35.44054 35.689 35.96223 36.31704 36.69824 36.992 37.36836
-9999 -9999 -9999 -9999 -9999 -9999 -9999 -9999 -9999 -9999 -9999 -9999 -9999 -9999 -9999 37.17387 37.24315 37.33007 37.4355 37.55606 37.67276 37.72646 37.6558 37.55128 37.4959 37.49165 37.53267 37.61879 37.79615 37.97418 38.23155 38.56621 38.87592 38.94963 38.73306 38.40425 38.1073 37.87914 37.71159 37.25603 37.10811 36.97826 36.58888 36.40369 36.22644 36.07893 35.89909 35.63903 35.45229 35.26588 35.27348 35.06204 34.9724 34.9041 34.62165 34.48088 34.7126 34.79787 34.87344 35.07026 35.30669 35.57502 35.93624 36.33464 36.64599 37.04868
-9999 -9999 -9999 -9999 -9999 -9999 -9999 -9999 -9999 -9999 -9999 -9999 -9999 -9999 -9999 37.30752 37.31107 37.39673 37.50095 37.66124 37.75573 37.79979 37.73493 37.62905 37.57462 37.5839 37.6485 37.76548 37.97498 38.2049 38.54023 39.00576 39.47318 39.57447 39.22895 38.76979 38.39771 38.13175 37.9424 37.80243 37.33707 36.95788 36.76831 36.57669 36.37947 36.1093 35.89065 35.70607 35.49128 35.42953 35.24239 35.06175 34.83806 34.48247 34.37656 34.3065 34.35835 34.40328 34.45772 34.63482 34.86223 35.13015 35.49979 35.91432 36.23973 36.7937
-9999 -9999 -9999 -9999 -9999 -9999 -9999 -9999 -9999 -9999 -9999 -9999 -9999 37.26683 -9999 37.35405 37.4119 37.52329 37.59177 37.66636 37.73285 37.76075 37.73384 37.69371 37.68892 37.7324 37.73827 37.92081 38.10429 38.35598 38.69793 39.16714 39.65657 39.7599 39.3924 38.9273 38.56381 38.30912 38.12609 37.98475 37.56911 37.14622 36.93806 36.72631 36.50811 36.21436 35.972 35.71782 35.51058 35.41244 35.18406 34.95653 34.93704 34.24734 34.0839 33.95538 33.87318 33.88214 33.97118 34.13055 34.35583 34.63298 35.07945 35.45113 36.04657 36.35889
-9999 -9999 -9999 -9999 -9999 -9999 -9999 -9999 -9999 -9999 -9999 -9999 37.27228 37.30439 37.45219 37.48813 37.52943 37.57558 37.59917 37.65113 37.69292 37.71188 37.70736 37.70087 37.71601 37.76346 37.85258 38.00167 38.24593 38.46028 38.75136 39.07357 39.38768 39.46212 39.22039 38.8917 38.62 38.422 38.26968 38.13948 37.8247 37.3219 37.09576 36.86372 36.56174 36.30568 36.03849 35.75723 35.54411 35.25293 35.10191 34.82312 34.3047 33.97609 33.74656 33.57771 33.44341 33.35732 33.40854 33.55418 33.78973 34.09352 34.83715 35.22932 35.57924 35.9036
-9999 -9999 -9999 -9999 -9999 -9999 -9999 -9999 -9999 -9999 -9999 37.40545 37.42758 37.45333 37.48283 37.516 37.55237 37.5909 37.62959 37.66516 37.6698 37.68739 37.69571 37.70317 37.7166 37.74066 37.79565 37.92328 38.19978 38.54742 38.83504 38.99728 39.09381 39.10286 38.98072 38.79988 38.64147 38.51812 38.4067 38.29271 37.96148 37.77883 37.23886 36.98635 36.66161 36.38226 36.09023 35.7817 35.53394 35.20516 35.00129 34.43804 34.08396 33.7781 33.54625 33.25686 32.92062 32.76989 32.76624 32.9034 33.16849 33.76862 34.29683 34.7428 35.12768 35.46481
-9999 -9999 -9999 -9999 -9999 -9999 -9999 -9999 -9999 -9999 -9999 37.43003 37.45276 37.47843 37.50694 37.53793 37.57074 37.60426 37.63687 37.66655 37.6914 37.68357 37.69505 37.69895 37.68821 37.65434 37.61983 37.69876 38.09156 38.70439 39.1291 39.17435 39.05614 38.94522 38.83631 38.73455 38.6627 38.60148 38.51865 38.41013 38.09036 37.89172 37.68352 37.11028 36.74408 36.44283 36.12735 35.79279 35.51166 35.14629 34.88978 34.26642 33.85296 33.56037 33.15726 32.77201 32.43613 32.11545 32.24994 32.17963 32.693 33.25391 33.78295 34.30695 34.73564 35.08316
-9999 -9999 -9999 -9999 -9999 -9999 -9999 -9999 -9999 -9999 -9999 37.44872 37.47194 37.49766 37.52562 37.55537 37.5862 37.61715 37.64702 37.67452 37.69838 37.71707 37.72709 37.693 37.65109 37.54828 37.38686 37.33565 37.84106 38.87799 39.51765 39.44651 39.14003 38.91161 38.78098 38.72532 38.71914 38.69868 38.62413 38.50891 38.19318 37.97742 37.75304 37.46292 37.20255 36.48605 36.15009 35.79246 35.4813 35.08273 35.00402 34.09866 34.03632 33.59625 32.77846 32.28909 31.83636 31.48426 31.40537 31.52552 31.94739 32.65173 33.34378 33.9751 34.45276 34.8008
-9999 -9999 -9999 -9999 -9999 -9999 -9999 -9999 -9999 -9999 37.44024 37.46152 37.48526 37.51129 37.53927 37.56873 37.59898 37.62921 37.65849 37.68578 37.70978 37.72813 37.73559 37.72063 37.64309 37.5187 37.32226 37.23038 37.71873 38.78545 39.43713 39.39358 39.10458 38.87029 38.75209 38.73978 38.77864 38.77521 38.69633 38.57279 38.26607 38.0407 37.80719 37.49306 37.21971 36.92615 36.60499 36.25261 35.44736 35.10424 34.86292 34.36806 33.81788 33.22746 32.67724 31.86279 31.28881 30.90042 30.60557 30.67533 31.24018 32.11806 33.04618 33.80809 34.33019 34.65883
-9999 -9999 -9999 -9999 -9999 -9999 -9999 -9999 -9999 37.42708 37.44632 37.46814 37.49249 37.51912 37.54771 37.57772 37.60854 37.63942 37.66953 37.69791 37.72318 37.74285 37.75202 37.71082 37.67332 37.59323 37.49147 37.51139 37.88444 38.53527 38.99165 39.06244 38.92978 38.78598 38.71646 38.73369 38.78344 38.78158 38.70568 38.49047 38.2804 38.0553 37.82001 37.49884 37.21866 36.91612 36.58383 36.21373 35.48883 35.25301 34.74879 34.23761 33.65899 33.03131 32.42 31.69833 30.99977 30.34295 29.93457 29.99144 30.66359 31.83645 33.02752 33.87949 34.47949 34.75061
-9999 -9999 -9999 -9999 -9999 -9999 -9999 -9999 -9999 37.42635 37.44576 37.468 37.49301 37.52056 37.55027 37.58163 37.61399 37.64661 37.67868 37.70927 37.73709 37.76011 37.77503 37.74488 37.73431 37.71083 37.70418 37.80084 38.03122 38.37824 38.65378 38.75756 38.73645 38.68293 38.66066 38.68546 38.72193 38.717 38.61906 38.48117 38.24369 38.03074 37.74136 37.48029 37.19979 36.89441 36.55737 36.18114 35.59371 35.11085 34.78471 34.23364 33.63512 32.94028 32.31215 31.61022 30.84604 30.14025 29.66721 29.69703 30.47868 31.85924 33.27653 34.27959 34.78212 34.94368
-9999 -9999 -9999 -9999 -9999 -9999 -9999 -9999 -9999 37.4186 37.43779 37.46022 37.48589 37.51459 37.54595 37.5794 37.61422 37.64962 37.68472 37.71858 37.75011 37.7779 37.80032 37.78234 37.79524 37.81001 37.84698 37.95494 38.11472 38.31495 38.45741 38.55167 38.57943 38.57901 38.58478 38.60697 38.62766 38.61958 38.50835 38.39105 38.23892 37.97455 37.69277 37.44061 37.1655 36.8631 36.52763 35.98686 35.54449 35.0736 34.75237 34.21404 33.63362 33.00974 32.42885 31.72965 31.00863 30.37694 29.96935 30.04524 30.88626 32.32365 33.79369 34.79105 35.21168 35.24181
-9999 -9999 -9999 -9999 -9999 -9999 -9999 -9999 -9999 37.1216 37.152 37.18608 37.46981 37.49986 37.53335 37.56966 37.60794 37.64723 37.68651 37.72477 37.76098 37.79421 37.78755 37.81584 37.84299 37.87522 37.92377 38.02168 38.12874 38.25363 38.36775 38.4494 38.45743 38.48059 38.49892 38.51749 38.5283 38.44702 38.38424 38.28329 38.14951 37.98806 37.73912 37.38529 37.11977 36.82518 36.49694 35.95256 35.52335 35.17656 34.75724 34.24719 33.70504 33.17602 32.64777 32.04453 31.46157 30.94074 30.70858 30.90569 31.68816 32.94556 34.3035 35.1863 35.53533 35.48618
-9999 -9999 -9999 -9999 -9999 -9999 -9999 -9999 -9999 37.08149 37.10993 37.14256 37.17984 37.222 37.26899 37.32038 37.37541 37.43305 37.49207 37.55115 37.60888 37.66388 37.80872 37.84338 37.87672 37.91282 37.95807 38.04043 38.11526 38.20031 38.28241 38.35004 38.39946 38.43415 38.41319 38.42922 38.35302 38.32244 38.2632 38.17311 38.05345 37.85179 37.66351 37.44713 37.06723 36.78403 36.30312 35.92514 35.51555 35.19051 34.72615 34.32295 33.88459 33.45892 32.96181 32.47651 31.98526 31.68085 31.59413 31.87691 32.54701 33.51162 34.52606 35.23059 35.54296 35.4852
-9999 -9999 -9999 -9999 -9999 -9999 -9999 -9999 -9999 36.84328 37.05994 37.09025 37.12611 37.1681 37.21646 37.27091 37.33067 37.39458 37.46117 37.52885 37.59586 37.6603 37.72019 37.77368 37.81994 37.86055 37.9699 38.03485 38.0886 38.15074 38.214 38.27105 38.31785 38.35406 38.38098 38.25916 38.24364 38.20925 38.1516 38.06829 37.95869 37.76101 37.58491 37.38064 37.14673 36.8849 36.26298 35.90498 35.51957 35.22212 34.7943 34.48845 34.06368 33.72472 33.21478 32.85973 32.5617 32.3998 32.42139 32.68527 33.19109 33.85345 34.53068 35.03856 35.28151 35.22201
-9999 -9999 -9999 -9999 -9999 -9999 -9999 -9999 36.75916 36.78727 36.81836 36.85352 36.89408 37.10372 37.15303 37.21063 37.27579 37.3472 37.42316 37.50178 37.58098 37.65829 37.73054 37.79364 37.84343 37.87841 37.91093 37.93436 37.96603 38.10563 38.15667 38.2056 38.24838 38.28324 38.30976 38.32773 38.14538 38.10816 38.05112 37.97202 37.8695 37.67347 37.508 37.31535 37.09525 36.53782 36.22746 35.89185 35.53325 35.29383 34.9436 34.6274 34.07063 33.87094 33.56387 33.28399 33.10186 33.01688 33.07648 33.28984 33.63966 34.09058 34.49906 34.79554 34.89519 34.88255
-9999 -9999 -9999 -9999 -9999 -9999 -9999 -9999 36.70508 36.72962 36.75654 36.7872 36.82339 36.86713 36.92034 36.98439 37.05976 37.28954 37.37647 37.46834 37.56284 37.65706 37.74665 37.82482 37.88276 37.91412 37.92746 37.92797 37.93552 37.9681 38.00021 38.03663 38.07249 38.22173 38.24686 38.26432 38.05821 38.01862 37.96161 37.88521 37.7237 37.59195 37.43573 37.25402 37.04871 36.48772 36.19726 35.8851 35.69901 35.13636 34.79688 34.46133 34.40204 34.13112 33.88926 33.68941 33.56774 33.45568 33.59014 33.74675 33.97756 34.20514 34.51979 34.67936 34.67492 34.53456
-9999 -9999 -9999 -9999 -9999 -9999 -9999 -9999 36.65181 36.67302 36.69566 36.72113 36.75162 36.78992 36.83903 36.9014 36.97847 37.07041 37.17638 37.29484 37.47692 37.60194 37.72537 37.83615 37.91766 37.9543 37.94605 37.91427 37.9177 37.92612 37.94064 37.96405 37.99088 38.01703 38.03976 38.05723 38.02042 37.93964 37.88232 37.8077 37.6433 37.5177 37.36969 37.246 36.69282 36.44302 36.31337 36.03213 35.49611 35.19329 34.89215 34.72886 34.57764 34.42265 34.23079 34.0449 33.87349 33.86851 33.92403 34.03648 34.21788 34.39341 34.59326 34.68006 34.67057 34.525
-9999 -9999 -9999 -9999 -9999 -9999 -9999 -9999 36.24486 36.31101 36.63982 36.66016 36.68406 36.71497 36.75711 36.81446 36.88983 36.98437 37.09775 37.28464 37.42345 37.57082 37.71924 37.85431 37.9537 37.99561 37.97731 37.9235 37.86766 37.82993 37.81411 37.89627 37.9133 37.93276 37.9513 37.9666 37.71904 37.67972 37.6254 37.51661 37.57133 37.45105 37.35752 37.19934 36.63749 36.25677 35.99272 35.79095 35.52038 35.38766 35.12729 34.99545 34.7793 34.66175 34.51088 34.34892 34.20859 34.21458 34.26214 34.3896 34.5559 34.6816 34.78535 34.84466 34.83608 34.73016
-9999 -9999 -9999 -9999 -9999 -9999 -9999 -9999 36.21589 36.2903 36.35486 36.53568 36.55943 36.6499 36.68192 36.72971 36.79808 36.88966 37.00493 37.19435 37.34596 37.50937 37.6752 37.82619 37.9371 37.98429 37.96441 37.90181 37.83109 37.7756 37.74254 37.72927 37.72992 37.84906 37.86348 37.65788 37.60934 37.56937 37.51685 37.37848 36.8149 36.68856 37.09551 36.70965 36.43383 36.20111 36.03063 35.92967 35.69239 35.45768 35.23024 35.14565 34.96531 34.87582 34.75743 34.51368 34.49726 34.51173 34.63416 34.7361 34.84022 34.94538 35.03856 35.10657 35.13548 35.10721
