tethysapp/magdalena_cauca_data_viewer/public/raster/t_max.asc
ncols         234
nrows         480
xllcorner     -76.963196818345
yllcorner     1.5464674667253
cellsize      0.020005795
NODATA_value  -9999
[rows 406 to 434 of 480, columns 0 to 65 of 234]
-9999 -9999 -9999 -9999 -9999 -9999 -9999 35.6886 36.04262 36.23436 36.31954 36.38593 36.53966 36.55426 36.5686 36.59254 36.63678 36.74601 36.85292 37.08334 37.23835 37.40728 37.57875 37.73395 37.848 37.89967 37.88639 37.82902 37.75819 37.50023 37.40453 37.33353 37.28351 37.24871 37.22355 37.11049 37.05576 36.99409 36.8685 36.76596 36.63733 36.51982 36.39311 36.258 35.76468 36.22407 36.15466 35.94259 35.73094 35.5238 35.32542 35.28286 35.13284 35.00475 34.85052 34.83506 34.83621 34.86213 34.91141 35.01733 35.11589 35.21999 35.32356 35.42146 35.50908 35.57967
-9999 -9999 -9999 -9999 -9999 -9999 -9999 35.79712 35.95966 36.11529 36.34491 36.42691 36.47649 36.49035 36.47598 36.55032 36.56685 36.64444 36.52028 36.62892 36.78339 36.97375 37.24384 37.43363 37.57191 37.63905 37.62647 37.55086 37.44339 37.33278 37.23613 37.15937 37.1016 37.05899 37.02704 36.71223 36.65047 36.58478 36.66059 36.57518 36.47905 36.42609 36.04275 35.90576 35.7656 35.58785 36.1473 35.95639 35.76776 35.58509 35.54885 35.40675 35.28237 35.11224 35.04597 35.05652 35.06981 35.10955 35.16958 35.24809 35.38145 35.49564 35.61974 35.75505 35.90508 36.07318
-9999 -9999 -9999 -9999 -9999 -9999 35.57149 35.75694 35.94634 36.132 36.2928 36.47613 36.5378 36.54813 36.51176 36.45069 36.398 36.36736 36.38403 36.45422 36.57427 36.7326 36.91 37.0799 37.21208 37.28177 37.3454 37.29141 37.20586 37.11127 37.02318 36.94896 36.89 36.84449 36.80934 36.48302 36.42074 36.35621 36.28682 36.13966 36.28711 35.97336 35.92314 35.81394 35.70103 36.04136 36.14209 35.97024 35.80212 35.64103 35.63729 35.51746 35.41475 35.26498 35.25248 35.25434 35.28367 35.33151 35.39766 35.52299 35.63164 35.75522 35.89626 36.06028 36.25628 36.49462
-9999 -9999 -9999 -9999 -9999 35.29088 35.48499 35.6908 35.90442 36.1068 36.30939 36.4744 36.57479 36.59182 36.53798 36.44279 36.34576 36.26628 36.23422 36.25814 36.33468 36.45188 36.59108 36.72857 36.83932 36.90359 36.91364 36.87592 36.80645 36.72323 36.76474 36.69942 36.64505 36.60145 36.30355 36.24159 36.17429 36.11318 35.98233 35.90912 35.82977 35.7438 35.74276 35.65136 35.55795 35.95488 35.85843 35.98345 35.83349 35.83136 35.71624 35.61535 35.38007 35.33338 35.41189 35.44526 35.48078 35.52377 35.63899 35.73711 35.8503 35.98051 36.13166 36.3106 36.52767 36.79491
-9999 -9999 -9999 -9999 34.96831 35.15911 35.3652 35.56704 35.8015 36.03778 36.25977 36.44247 36.55484 36.57095 36.48714 36.39177 36.25962 36.13639 36.05735 36.03374 36.06367 36.13627 36.2347 36.33857 36.42725 36.48458 36.50304 36.48506 36.44035 36.38114 36.31813 36.25859 36.20625 36.32771 36.02833 35.97135 35.9089 35.8535 35.73045 35.66647 35.312 35.28794 35.55475 35.48152 35.40757 35.86168 35.78591 35.18816 35.10901 35.04327 35.01518 34.99903 35.48762 35.37688 35.57596 35.60373 35.64622 35.70398 35.81849 35.91891 36.03433 36.16685 36.32002 36.49935 36.71255 36.96746
-9999 -9999 -9999 -9999 34.38374 34.61449 34.86661 35.13906 35.42733 35.72065 35.99855 36.22875 36.37047 36.43476 36.27958 36.0661 35.81049 35.8412 35.83554 35.76912 35.75492 35.78447 35.84374 35.91581 35.98372 36.03382 36.05854 36.05727 36.03491 35.99901 35.95705 35.9148 35.87587 35.84196 35.53363 35.48076 35.4293 35.51412 35.46313 35.13101 35.05731 35.0498 35.38058 35.30302 35.24871 35.76052 35.70504 35.13228 35.07537 35.04808 35.03967 34.86793 35.42565 35.50486 35.52532 35.73837 35.78571 35.8795 35.96726 36.06813 36.18333 36.31446 36.4637 36.63384 36.82782 37.04662
-9999 -9999 -9999 -9999 34.1727 34.39877 34.6442 34.90723 35.18259 35.45913 35.71696 35.9262 36.05065 36.06993 35.95943 35.75472 35.50578 35.26511 35.07016 35.29912 35.24275 35.39143 35.4164 35.46107 35.51152 35.55588 35.58632 35.59988 35.59782 35.58395 35.56295 35.53899 35.51519 35.49352 35.1957 35.15359 35.11223 35.07091 35.00572 34.85165 34.79134 34.80106 35.17722 35.14333 35.03711 35.03488 35.61497 34.85381 34.83606 34.82584 34.87011 34.91031 34.88533 35.60596 35.63155 35.66918 35.79767 35.99884 36.08575 36.18519 36.29824 36.42593 36.56903 36.72765 36.90039 37.08278
-9999 -9999 -9999 -9999 33.92759 34.14294 34.37395 34.61779 34.86834 35.11435 35.33751 35.51226 35.62494 35.62257 35.51731 35.3302 35.10079 34.87173 34.67542 34.52927 34.82621 34.78708 34.78546 34.81031 34.84951 35.05377 35.09126 35.11929 35.13626 35.14314 35.14226 35.13641 35.12819 34.8665 34.83641 34.80627 34.77631 34.4889 34.62349 34.5805 34.53503 34.61042 34.96262 34.87428 34.89066 34.83623 34.87022 34.80193 34.80408 34.83834 34.88637 34.94006 34.93051 35.01318 35.71872 35.75807 35.89338 35.96851 36.17427 36.2704 36.37988 36.50358 36.64159 36.79245 36.95228 37.11395
-9999 -9999 -9999 33.4643 33.65152 33.85187 34.06322 34.28164 34.50037 34.70852 34.89016 35.04569 35.11211 35.09561 34.99497 34.82659 34.62016 34.40861 34.21885 34.06766 33.96212 34.29804 34.27728 34.28835 34.3211 34.36501 34.41085 34.45192 34.6578 34.68411 34.7019 34.71296 34.71948 34.47501 34.45797 34.44004 34.35234 34.33892 34.3093 34.28206 34.25321 34.38019 34.25506 34.72349 34.66389 34.71714 34.77278 34.74299 34.7646 34.82981 34.89194 34.87439 34.96247 35.05272 35.78768 35.90328 35.96447 36.03513 36.11671 36.32338 36.42777 36.54744 36.68293 36.83289 36.99299 37.15531
-9999 -9999 -9999 33.17522 33.34921 33.53255 33.72208 33.913 34.09821 34.26766 34.40811 34.52914 34.56649 34.53558 34.43702 34.2834 34.09647 33.90108 33.71931 33.5672 33.45412 33.38342 33.35329 33.74599 33.78023 33.83178 33.89016 33.94693 33.99657 34.03645 34.19724 34.2219 34.24023 34.25475 34.29172 34.21906 33.99329 33.994 33.98234 33.97226 34.09853 34.12072 34.09278 34.19606 34.51482 34.59124 34.66869 34.74689 34.7379 34.81204 34.88746 34.8859 34.98214 35.13437 35.24924 35.95683 36.01178 36.07508 36.14851 36.23443 36.43959 36.5542 36.68914 36.84511 37.01941 37.37951
-9999 -9999 -9999 32.86535 33.02612 33.19281 33.36139 33.52648 33.68099 33.81596 33.94841 34.01231 34.02502 33.9811 33.8821 33.73756 33.5634 33.37851 33.20139 33.04778 32.92943 32.8533 32.82073 32.82725 33.23615 33.30182 33.37661 33.45018 33.51562 33.5695 33.74897 33.78494 33.81297 33.7785 33.80454 33.83226 33.86359 33.72904 33.75468 33.65058 33.63122 33.80223 33.87638 34.01348 34.35816 34.45852 34.55822 34.06107 34.69643 34.78563 34.87374 34.8874 34.99061 35.16318 35.27814 35.99057 36.03645 36.08896 36.15022 36.22335 36.31274 36.48101 36.61606 36.78379 37.19402 37.39439
-9999 -9999 -9999 -9999 -9999 32.84003 32.99108 33.13495 33.26478 33.40167 33.48002 33.51968 33.51411 33.46016 33.35957 33.2194 33.05132 32.87 32.6916 32.53241 32.40735 32.32755 32.29737 32.31292 32.36312 32.47845 32.88224 32.97274 33.05142 33.05066 33.09868 33.29597 33.33289 33.36579 33.39867 33.43481 33.47652 33.14431 33.18029 33.222 33.29018 33.55125 33.69413 33.82438 33.95631 33.86363 34.44178 33.99421 34.11883 34.75137 34.76481 34.87999 35.05849 35.17936 35.29293 35.40029 36.04021 36.078 36.122 36.17595 36.24588 36.39609 36.52324 36.90361 37.10884 37.37394
-9999 -9999 -9999 -9999 -9999 32.4803 32.61911 32.74833 32.89054 32.98152 33.04234 33.06679 33.05025 32.9907 32.88945 32.75144 32.58494 32.40137 32.21526 32.04433 31.90807 31.82344 31.79857 31.82882 31.89877 32.02678 32.12606 32.47872 32.56526 32.63161 32.67941 32.8778 32.91423 32.94776 32.98357 33.02569 32.74041 32.7843 32.83753 32.89879 33.13285 33.20277 33.3384 33.38931 33.55789 33.72567 34.11131 34.26421 34.64625 34.71024 34.74169 34.93112 35.0635 35.18477 35.29569 35.64405 35.67953 36.04472 36.06549 36.09186 36.131 36.39764 36.47835 36.53795 36.93058 37.27064
-9999 -9999 -9999 -9999 -9999 -9999 32.25098 32.37321 32.50802 32.59055 32.64348 32.66182 32.64201 32.58241 32.48363 32.34856 32.18246 31.99355 31.79454 31.60483 31.45045 31.35743 31.33957 31.36353 31.45729 31.56748 31.67198 31.75733 32.17812 32.23926 32.17736 32.19704 32.20995 32.52225 32.55647 32.30875 32.35328 32.41224 32.48454 32.66895 32.90607 33.07928 33.57447 33.22286 33.4168 33.60787 34.0089 34.1808 34.34339 35.09049 34.77095 34.91165 35.06047 35.18157 35.28894 35.63003 35.65006 35.66698 35.68093 36.00267 35.98583 35.98951 36.18335 36.2161 36.47959 36.92237
-9999 -9999 -9999 -9999 -9999 31.75505 31.88969 32.0419 32.14896 32.23225 32.28649 32.3074 32.29198 32.23864 32.14721 32.01877 31.85562 31.66213 31.44775 31.23254 31.03437 30.93017 30.92185 30.99792 31.12154 31.25378 31.36782 31.45053 31.49884 31.79915 31.81412 31.81393 31.80939 31.81052 31.85982 31.89346 31.94832 32.0241 32.20213 32.34486 32.6118 32.81496 32.94588 33.05147 33.2725 33.48809 33.69611 34.31697 34.33674 34.62454 34.82224 35.18994 35.56618 35.66669 35.74651 36.01772 35.98044 35.93324 35.87454 35.83456 35.75959 35.68718 35.69238 35.74075 35.98092 36.43712
-9999 -9999 -9999 -9999 -9999 31.39213 31.56328 31.69755 31.81404 31.90678 31.97081 32.00226 31.99849 31.95794 31.87994 31.76418 31.57012 31.39517 31.17344 30.93343 30.71846 30.59238 30.59509 30.70477 30.86133 31.0115 31.12582 31.19395 31.21692 31.4785 31.4607 31.42847 31.39645 31.37774 31.41655 31.45204 31.51869 31.61462 31.83332 32.00732 32.30822 32.5454 32.72589 32.99014 33.63663 33.89841 33.66042 33.8972 33.95045 34.62931 34.79467 35.16344 35.59706 35.68377 35.74604 35.78313 35.92435 35.85458 35.76346 35.76717 35.60343 35.3862 35.19502 35.07533 35.2699 35.72412
-9999 -9999 -9999 -9999 -9999 30.99443 31.15794 31.31103 31.4465 31.55828 31.64157 31.69292 31.71009 31.69185 31.63757 31.54639 31.42679 31.25202 31.02676 30.75784 30.49467 30.33766 30.35537 30.50446 30.68989 30.84567 30.94483 30.98253 30.96452 31.1723 31.10619 31.02816 30.95772 30.91191 30.9031 30.97373 31.05584 31.25718 31.44186 31.61864 31.87362 32.2861 32.58802 33.17837 33.48352 33.77268 33.60122 33.91972 33.92658 34.33924 34.97916 35.42499 35.53868 35.63392 35.69314 35.72397 35.72368 35.78873 35.79548 35.61956 35.5515 35.20261 34.76863 34.29559 34.13311 34.85941
-9999 -9999 -9999 -9999 30.44564 30.63497 30.82371 31.00249 31.16325 31.29957 31.40673 31.48164 31.52255 31.52886 31.50058 31.43745 31.34702 31.20152 30.99581 30.718 30.40969 30.2158 30.24759 30.42583 30.61749 30.7541 30.81643 30.805 30.66554 30.86667 30.73487 30.59579 30.47531 30.39569 30.37206 30.4457 30.61273 30.79613 31.02381 31.26652 31.69568 32.03967 32.38421 32.68367 33.02631 33.30075 33.59447 33.86331 34.20259 34.78606 35.23599 35.38047 35.49619 35.58376 35.64272 35.6774 35.67097 35.75773 35.94284 35.70535 35.38596 34.94672 34.33089 33.48428 32.63657 33.7118
-9999 -9999 -9999 29.83921 30.04684 30.26831 30.49112 30.70388 30.8973 31.06452 31.20097 31.30406 31.37284 31.40766 31.40991 31.39059 31.3313 31.23636 31.08863 30.85721 30.55021 30.3273 30.34189 30.49441 30.64149 30.70089 30.69593 30.61232 30.44643 30.24114 30.00933 30.11017 29.92753 29.80857 29.6465 29.69579 29.82513 30.29347 30.59127 31.00171 31.39279 31.79032 32.18312 32.53635 32.913 33.21508 33.5311 33.81705 34.17403 34.74863 35.19533 35.34401 35.46226 35.55111 35.61045 35.54731 35.54697 35.50782 35.69395 35.48176 35.32277 34.84879 34.22821 33.32187 32.18627 33.74228
-9999 -9999 -9999 29.38285 29.62726 29.89097 30.1576 30.41286 30.6459 30.84948 31.01943 31.15399 31.25323 31.31883 31.35398 31.37201 31.36065 31.33251 31.28114 31.17377 30.96652 30.73913 30.65053 30.68117 30.71976 30.70918 30.62559 30.46083 30.20775 29.90655 29.57723 29.2613 29.29149 29.02971 28.98621 29.05903 29.25509 29.76812 30.14271 30.62462 31.08394 31.54311 31.95894 32.39825 32.81117 33.14224 33.48098 33.86784 34.15706 34.72208 35.16443 35.31709 35.43803 35.52896 35.59032 35.52528 35.52838 35.49533 35.70103 35.50948 35.2567 34.9232 34.54813 34.04786 33.90281 35.62733
-9999 -9999 -9999 28.89006 29.18252 29.50067 29.82222 30.12885 30.40791 30.65216 30.85841 31.02616 31.15681 31.25338 31.32926 31.37486 31.40937 31.44652 31.4952 31.53148 31.45991 31.24622 31.03767 30.91641 30.83159 30.72227 30.54922 30.29162 29.93628 29.52061 29.07311 28.64989 28.23297 28.26835 28.22634 28.35821 28.64315 29.02341 29.66803 30.18369 30.77789 31.06208 31.55525 32.01838 32.44691 32.84231 33.35664 33.68668 34.1546 34.43923 34.87153 35.02667 35.15072 35.24636 35.31525 35.51683 35.52644 35.50465 35.74246 35.58643 35.39521 35.17237 34.94747 34.82647 35.1218 36.02759
-9999 -9999 28.06501 28.35498 28.70997 29.09788 29.48738 29.85455 30.18502 30.47254 30.71599 30.91693 31.07823 31.20403 31.30836 31.38374 31.45189 31.52238 31.63255 31.74219 31.74227 31.5582 31.306 31.09488 30.9152 30.71658 30.45403 30.09759 29.62826 29.08106 28.49487 27.88177 27.46106 27.22612 27.39841 27.60584 27.98133 28.47149 29.20066 29.81844 30.41344 31.01543 31.42659 31.9368 32.40232 32.82795 33.36187 33.70493 34.00211 34.57298 34.85889 35.01361 35.15916 35.2551 35.32502 35.37041 35.53782 35.52904 35.80365 35.68618 35.55545 35.42622 35.33543 35.35759 35.59453 36.06357
-9999 -9999 27.42601 27.77411 28.21082 28.68828 29.16112 29.59777 29.98298 30.3136 30.52484 30.76057 30.95525 31.11339 31.24051 31.34483 31.43906 31.55647 31.66715 31.76758 31.77218 31.63047 31.40831 31.17876 30.94749 30.68078 30.33735 29.87476 29.29531 28.60639 27.86702 27.132 26.61675 26.36206 26.51039 26.8073 27.30421 27.92496 28.6039 29.4678 30.18559 30.86199 31.48663 31.80372 32.31358 32.76888 33.39095 33.74545 34.07927 34.69376 34.88573 35.04028 35.16246 35.25649 35.34706 35.39434 35.42068 35.5622 35.87074 35.78618 35.70125 35.63154 35.60441 35.65804 35.82353 36.08426
-9999 26.47826 26.72774 27.08883 27.64169 28.23081 28.80187 29.3135 29.75185 30.12095 30.4314 30.69305 30.91242 31.09349 31.23961 31.35563 31.43274 31.52174 31.60883 31.67502 31.6673 31.55525 31.36629 31.13629 30.86994 30.54457 30.1256 29.57978 28.88939 28.0868 27.15033 26.34715 25.79474 25.50662 25.64682 26.04737 26.67841 27.43802 28.23263 29.21074 30.01661 30.76147 31.2128 31.81505 32.35184 32.8269 33.24441 33.6239 34.14608 34.7389 34.93097 35.08413 35.20407 35.29567 35.36307 35.42946 35.45839 35.47139 35.93421 35.87328 35.81675 35.77684 35.77044 35.81517 35.91912 36.07919
-9999 25.67585 25.94481 26.46248 27.14155 27.87678 28.56676 29.15735 29.64084 30.03524 30.36389 30.64424 30.88511 31.08893 31.23311 31.36551 31.46109 31.52478 31.56472 31.58056 31.55254 31.46071 31.30501 31.09281 30.82031 30.46773 30.00405 29.39643 28.62503 27.72871 26.73476 25.80538 25.11663 24.80842 24.93212 25.44547 26.19853 27.07488 28.00041 29.05531 29.93326 30.73189 31.24221 31.87096 32.42674 32.91575 33.36388 33.72899 34.03978 34.80473 34.99584 35.14661 35.26308 35.35074 35.41447 35.45846 35.48614 35.86264 35.87449 35.83078 35.90076 35.87005 35.86101 35.88164 35.94505 36.02317
-9999 24.92684 25.20759 25.83031 26.68633 27.60409 28.42908 29.09236 29.60142 29.99856 30.32685 30.61446 30.84833 31.08008 31.27743 31.43317 31.54014 31.59345 31.59682 31.56351 31.50025 31.39899 31.24903 31.04185 30.76515 30.39777 29.91031 29.29492 28.48921 27.52518 26.47688 25.49174 24.76003 24.43711 24.57535 25.11167 25.96295 26.93408 27.93395 28.89345 29.95937 30.609 31.33506 31.976 32.54008 33.03551 33.48765 33.85728 34.1722 34.67347 35.08056 35.22837 35.34039 35.42257 35.48061 35.51965 35.49836 35.51094 35.85735 35.88974 35.85218 35.48581 35.46653 35.4713 35.47855 35.49122
-9999 24.26999 24.55148 25.28732 26.35357 27.48377 28.44691 29.15965 29.65842 30.0228 30.30133 30.57969 30.85015 31.10828 31.34188 31.53662 31.67594 31.74103 31.72302 31.64118 31.52692 31.39068 31.22266 30.97306 30.68606 30.31049 29.81938 29.18576 28.46597 27.52524 26.5059 25.54634 24.82851 24.50771 24.64744 25.18728 26.00412 27.05088 28.0704 29.0516 29.79179 30.77304 31.49515 32.13083 32.6904 33.1834 33.63379 34.00516 34.3236 34.80401 35.18368 35.32859 35.43563 35.51097 35.56127 35.55539 35.57274 35.58031 35.91174 35.52729 35.47962 35.43084 35.38136 35.39799 35.34707 35.29161
-9999 -9999 -9999 -9999 26.2616 27.60225 28.67707 29.39231 29.81362 30.09862 30.3358 30.58169 30.85087 31.13201 31.40388 31.64305 31.82188 31.90673 31.87159 31.74511 31.57595 31.39312 31.19325 30.95886 30.66887 30.3003 29.82892 29.23296 28.5024 27.72437 26.81002 25.95318 25.30875 25.01441 25.15148 25.65464 26.42725 27.35474 28.31307 29.23313 30.08449 30.84223 31.72003 32.33153 32.8727 33.35363 33.79598 34.16616 34.48773 34.94771 35.01317 35.17014 35.28004 35.34539 35.37239 35.37081 35.35158 35.32343 35.60469 35.55133 35.5127 35.44119 35.35664 35.25657 35.13898 35.0748
-9999 -9999 -9999 -9999 26.53086 28.01289 29.11852 29.77181 30.0904 30.25341 30.39624 30.58772 30.84007 31.10949 31.4124 31.68823 31.89667 31.99409 31.95764 31.81486 31.62226 31.41583 31.19898 30.95765 30.67239 30.32265 29.88876 29.35533 28.71841 27.99646 27.31279 26.60807 26.08063 25.91039 25.99246 26.43589 27.12532 27.9737 28.85148 29.70246 30.48383 31.18308 31.80434 32.57005 33.07891 33.53784 33.96548 34.33112 34.65508 35.09609 35.17901 35.34422 35.45691 35.51665 35.52954 35.50874 35.47031 35.42673 35.67207 35.61628 35.56734 35.47649 35.3581 35.20689 35.01977 34.79716
