tethysapp/magdalena_cauca_data_viewer/public/raster/t_max.asc
ncols         234
nrows         480
xllcorner     -76.963196818345
yllcorner     1.5464674667253
cellsize      0.020005795
NODATA_value  -9999
[rows 29 to 57 of 480, columns 132 to 197 of 234]
41.10843 40.87453 40.68 40.522 40.42054 40.32288 40.27035 40.21283 40.20713 40.1707 40.13766 40.1043 40.04181 39.99816 39.94664 39.8826 39.81586 39.77681 39.6905 39.5928 39.48384 39.43286 39.30509 39.16871 39.02565 38.87849 38.73063 38.58635 38.45094 38.33067 38.23258 38.16411 38.13239 38.14337 38.20082 38.30549 38.4547 38.57355 38.79581 39.03736 39.28807 39.5386 39.78116 40.00984 40.22062 40.41122 40.58079 40.72947 40.85792 40.96682 41.05633 41.12595 41.17479 41.20242 41.20996 41.20071 41.18005 41.15467 41.1315 41.11665 41.1142 41.1251 41.14627 41.17095 41.19091 41.19981
41.24581 41.0037 40.80013 40.65956 40.52333 40.41368 40.35199 40.3256 40.26831 40.21901 40.1736 40.12854 40.0522 39.99833 39.93704 39.94199 39.86627 39.7422 39.64616 39.53799 39.41751 39.35549 39.21286 39.05952 38.8971 38.72796 38.55544 38.38409 38.21982 38.07009 37.94372 37.85052 37.80037 37.80195 37.86118 37.97982 38.15469 38.31668 38.58013 38.86596 39.1608 39.45272 39.73221 39.99246 40.22929 40.44076 40.62675 40.78839 40.92747 41.04564 41.14349 41.21997 41.2727 41.29946 41.30035 41.27909 41.24279 41.20042 41.16098 41.13212 41.11888 41.12255 41.13982 41.16309 41.18296 41.19208
41.36069 41.11486 40.90562 40.76129 40.62366 40.50354 40.42689 40.39426 40.32509 40.26395 40.20699 40.15079 40.12104 40.06189 40.00248 39.92745 39.84217 39.70696 39.60128 39.4827 39.42178 39.27753 39.11956 38.9484 38.76515 38.57175 38.37128 38.16829 37.96922 37.78273 37.61973 37.49309 37.41651 37.40271 37.46101 37.59495 37.74415 38.01469 38.32929 38.66962 39.0178 39.35863 39.68065 39.97626 40.24134 40.47459 40.67692 40.85088 40.99995 41.12749 41.23521 41.32156 41.38161 41.40965 41.40363 41.36791 41.31245 41.24956 41.19088 41.14555 41.11917 41.11308 41.12365 41.14284 41.16075 41.16943
41.44881 41.20412 40.99307 40.8773 40.72527 40.62889 40.52067 40.42787 40.37616 40.30441 40.23692 40.19854 40.13401 40.06534 39.99661 39.91244 39.81805 39.6923 39.57778 39.50077 39.35886 39.20151 39.0282 38.83881 38.63375 38.41426 38.18283 37.94368 37.70345 37.47184 37.26207 37.09079 36.97691 36.93911 36.99206 37.09145 37.33849 37.66243 38.04076 38.44794 38.8601 39.25801 39.62819 39.96261 40.25762 40.51288 40.73061 40.91503 41.07186 41.20728 41.32552 41.42526 41.4976 41.53028 41.51708 41.46371 41.38499 41.29815 41.21789 41.15454 41.11372 41.0962 41.09793 41.11081 41.12505 41.13268
41.50864 41.26974 41.12888 40.94874 40.79345 40.69461 40.57942 40.4785 40.42068 40.33973 40.26292 40.21848 40.14503 40.07462 39.99028 39.89771 39.77147 39.66172 39.53876 39.45274 39.30018 39.13044 38.94237 38.73505 38.508 38.26146 37.9969 37.71773 37.43024 37.14474 36.87669 36.64714 36.48186 36.40813 36.44894 36.57608 36.86742 37.25801 37.71546 38.20391 38.69151 39.15446 39.57768 39.95343 40.27919 40.55602 40.78747 40.9793 41.13958 41.27837 41.40489 41.52046 41.61102 41.65256 41.63155 41.55681 41.45116 41.33814 41.23551 41.15417 41.09904 41.06994 41.06222 41.06789 41.07774 41.08412
41.54113 41.3119 41.18069 41.00291 40.84694 40.74785 40.6278 40.52066 40.45829 40.36964 40.28483 40.23557 40.15429 40.07604 39.98414 39.88414 39.75135 39.63462 39.50433 39.41037 39.24842 39.06763 38.86613 38.64213 38.39404 38.12084 37.82256 37.50114 37.16175 36.8145 36.47651 36.1735 35.9398 35.81466 35.80172 35.98845 36.33353 36.80695 37.36139 37.94645 38.52023 39.05436 39.53333 39.95103 40.30716 40.60455 40.84793 41.04382 41.20164 41.33514 41.46129 41.5895 41.70174 41.75537 41.72572 41.62786 41.49515 41.35732 41.23432 41.13708 41.0696 41.03055 41.01469 41.01416 41.02041 41.02629
41.54899 41.40679 41.21346 41.04047 40.88612 40.78881 40.66587 40.55436 40.46278 40.36865 40.27793 40.25008 40.16975 40.07724 39.97897 39.87275 39.7349 39.61251 39.4763 39.37592 39.20637 39.01651 38.80377 38.56544 38.29876 38.0012 37.67096 37.3079 36.91513 36.50136 36.08416 35.69345 35.37331 35.17877 35.14351 35.34464 35.75435 36.32879 36.99873 37.6939 38.36075 38.96758 39.5007 39.95774 40.3419 40.65837 40.91275 41.11116 41.26184 41.37908 41.48698 41.61029 41.7355 41.79903 41.7628 41.64844 41.49689 41.3414 41.20351 41.09467 41.01852 40.97298 40.95227 40.94853 40.95368 40.96098
41.6119 41.41209 41.22916 41.06285 40.91202 40.81825 40.69423 40.58006 40.48533 40.3867 40.29102 40.26247 40.17661 40.07889 39.97558 39.83814 39.72332 39.59683 39.45644 39.35151 39.17663 38.98034 38.75945 38.51039 38.22925 37.91194 37.55463 37.15467 36.71223 36.23328 35.73409 35.24717 34.82632 34.53137 34.47387 34.68802 35.17342 35.86604 36.66579 37.47726 38.23525 38.9078 39.48651 39.97521 40.38202 40.71502 40.98071 41.18385 41.32899 41.42497 41.49449 41.5772 41.68206 41.74256 41.70832 41.59509 41.44062 41.27857 41.13316 41.01831 40.93862 40.8918 40.87141 40.88465 40.89336 40.90583
41.58618 41.40176 41.2303 41.07197 40.9261 40.83733 40.71378 40.5985 40.56031 40.4573 40.39657 40.30045 40.18323 40.08172 39.97481 39.83512 39.7177 39.58884 39.49773 39.33899 39.16147 38.96198 38.73684 38.4818 38.19201 37.86201 37.48608 37.05899 36.5776 36.04412 35.4717 34.89293 34.35637 33.98872 33.8764 34.10309 34.67198 35.4917 36.42245 37.34071 38.17283 38.89166 39.49802 40.00408 40.42366 40.76801 41.04459 41.25706 41.40579 41.49053 41.52111 41.53635 41.57637 41.60719 41.57462 41.47265 41.3252 41.16369 41.01611 40.90053 40.82344 40.796 40.78399 40.791 40.80851 40.82986
41.71733 41.55093 41.39286 41.22482 41.08418 41.0196 40.89581 40.77836 40.57401 40.4693 40.40939 40.31089 40.19028 40.08642 39.97739 39.83726 39.71891 39.58955 39.49839 39.33974 39.16257 38.96352 38.73866 38.48335 38.19212 37.85865 37.47585 37.03648 36.53453 35.96846 35.34734 34.70138 34.08801 33.6398 33.47932 33.72092 34.37151 35.30725 36.34486 37.33585 38.20516 38.93639 39.54251 40.0446 40.46168 40.80742 41.08991 41.31207 41.47139 41.56015 41.57362 41.53613 41.50044 41.47393 41.41831 41.31196 41.16312 40.99836 40.84858 40.74715 40.68057 40.65479 40.65931 40.68264 40.71506 40.74965
41.68349 41.53149 41.38503 41.24486 41.11115 41.03382 40.91258 40.79622 40.58345 40.47831 40.42053 40.32099 40.19842 40.09361 39.95442 39.84517 39.7276 39.59963 39.51056 39.35458 39.18088 38.98613 38.76638 38.51699 38.23239 37.90602 37.53037 37.09735 36.59953 36.03303 35.40366 34.72126 34.09518 33.61201 33.43369 33.6975 34.41109 35.42025 36.50645 37.50813 38.35846 39.05618 39.62667 40.09826 40.49298 40.82496 41.10151 41.32407 41.48787 41.58135 41.59307 41.53578 41.45357 41.37112 41.27256 41.13806 40.96867 40.79752 40.64091 40.53444 40.48541 40.48453 40.51562 40.56342 40.61668 40.66843
41.64536 41.50666 41.3712 41.23982 41.11282 41.0425 40.92451 40.8101 40.71237 40.60495 40.43071 40.33138 40.28162 40.17923 39.96675 39.85925 39.74411 39.61939 39.50351 39.38374 39.21656 39.02987 38.82001 38.58268 38.31276 38.00425 37.65027 37.24346 36.777 36.24728 35.62782 35.02046 34.43757 33.99432 33.8527 34.15149 34.89155 35.9009 36.94887 37.88005 38.64492 39.25851 39.75598 40.16933 40.52034 40.82095 41.07564 41.28319 41.43692 41.52521 41.53807 41.4828 41.38704 41.27132 41.14057 40.96749 40.76267 40.55375 40.38355 40.28476 40.26181 40.29616 40.36283 40.4416 40.51987 40.59111
41.60547 41.47881 41.35356 41.23058 41.11028 41.04713 40.9329 40.82113 40.72561 40.61933 40.44061 40.34262 40.29697 40.19625 40.10632 39.99428 39.83758 39.71464 39.53942 39.39648 39.23903 39.06436 38.86935 38.67828 38.43023 38.14914 37.82977 37.46692 37.05645 36.59771 36.06491 35.56334 35.10046 34.77835 34.73596 35.08559 35.81067 36.73951 37.65907 38.44039 39.05796 39.54187 39.93333 40.26418 40.55277 40.80643 41.02526 41.20477 41.33717 41.41299 41.42577 41.37912 41.29352 41.16565 40.99955 40.79017 40.54626 40.30373 40.11766 40.02883 40.03737 40.11245 40.21842 40.32998 40.43363 40.52396
41.56582 41.44987 41.33393 41.21885 41.10506 41.04908 40.93893 40.83033 40.73766 40.63333 40.4508 40.35518 40.31472 40.2332 40.08452 39.98141 39.87236 39.75584 39.58614 39.45296 39.30741 39.1473 38.97019 38.77337 38.55387 38.30865 38.03477 37.75135 37.41404 36.99878 36.63413 36.27985 35.98803 35.84175 35.94229 36.3562 37.04075 37.8361 38.56706 39.14472 39.57219 39.89439 40.15655 40.38794 40.6013 40.79786 40.97253 41.11753 41.22432 41.28522 41.30407 41.26461 41.17896 41.0479 40.86747 40.63484 40.36298 40.09523 39.89774 39.81893 39.85553 39.96586 40.10508 40.24378 40.36808 40.47365
41.52789 41.42137 41.31383 41.20604 41.15714 41.04953 40.94367 40.84679 40.74325 40.64757 40.41589 40.4595 40.42225 40.3252 40.1146 40.01693 39.91431 39.8055 39.64256 39.52071 39.38884 39.24536 39.08856 38.91674 38.72831 38.522 38.29734 38.05536 37.7999 37.50365 37.26747 37.07064 36.95977 36.99787 37.24759 37.72895 38.37225 39.02893 39.56152 39.92209 40.14492 40.29241 40.41513 40.53971 40.67262 40.8084 40.93666 41.04634 41.14188 41.18656 41.19189 41.15551 41.07536 40.94742 40.76583 40.52867 40.251 39.97868 39.78098 39.70918 39.75981 39.88756 40.04364 40.19653 40.33188 40.4458
41.49277 41.39447 41.35722 41.25523 41.15294 41.05058 40.95684 40.85672 40.75679 40.65659 40.65902 40.47863 40.44814 40.23771 40.1493 40.05795 39.9627 39.86258 39.75657 39.59789 39.48089 39.35527 39.22008 39.07459 38.91845 38.75206 38.57706 38.39719 38.21948 38.01703 37.89846 37.84093 37.88431 38.07389 38.44255 38.97739 39.59064 40.1399 40.50992 40.6812 40.71634 40.6986 40.68764 40.70941 40.76497 40.84264 40.94697 41.02279 41.08021 41.11167 41.11202 41.07721 41.00278 40.88296 40.71177 40.48857 40.22899 39.97567 39.79127 39.72305 39.77018 39.89267 40.04475 40.19542 40.32985 40.44359
41.46119 41.4363 41.34181 41.24603 41.14937 41.05208 40.9632 40.86728 40.77126 40.77885 40.68136 40.68484 40.4767 40.27044 40.18819 40.10383 40.01665 39.92591 39.8309 39.6825 39.58094 39.47364 39.36032 39.24104 39.11647 38.98828 38.85964 38.73602 38.62628 38.50242 38.47754 38.52452 38.67564 38.96212 39.39799 39.95444 40.53962 41.01768 41.28111 41.31975 41.21319 41.06384 40.9429 40.89815 40.88969 40.91836 40.96537 41.01456 41.05383 41.07474 41.07129 41.0385 40.97115 40.86352 40.71086 40.51422 40.28859 40.06987 39.9083 39.84234 39.87424 39.97437 40.10529 40.23933 40.36175 40.46714
41.50342 41.41714 41.32866 41.2385 41.14709 41.05467 40.97058 40.87894 40.78706 40.84063 40.74875 40.71652 40.58919 40.50359 40.23075 40.15386 40.07518 39.99422 39.91055 39.77251 39.68644 39.59725 39.50516 39.41084 39.31564 39.22201 39.13392 39.05756 39.00216 38.93732 38.97758 39.09024 39.29984 39.6269 40.07491 40.61131 41.15225 41.57564 41.77943 41.74955 41.56569 41.34959 41.16331 41.04457 40.99066 40.98389 41.00402 41.03381 41.06039 41.0747 41.07013 41.04127 40.98295 40.89024 40.76004 40.59478 40.40799 40.22787 40.09164 40.02796 40.04093 40.11138 40.21202 40.32039 40.42299 40.51372
41.4822 41.40139 41.31821 41.23315 41.1466 41.05882 41.09154 41.00183 40.91175 40.86436 40.77702 40.70929 40.62926 40.54924 40.2764 40.20724 40.13728 40.06625 39.99393 39.92024 39.79501 39.72319 39.65107 39.57969 39.51075 39.447 39.39254 39.35338 39.338 39.31276 39.39155 39.53572 39.76272 40.08501 40.50045 40.97877 41.45045 41.81482 41.98276 41.93607 41.74216 41.50246 41.295 41.15334 41.07735 41.05125 41.05598 41.07492 41.09539 41.10815 41.10632 41.0843 41.03715 40.96082 40.85349 40.71839 40.56712 40.42107 40.30674 40.24465 40.23948 40.28015 40.34846 40.4277 40.5065 40.57874
41.46533 41.38924 41.31074 41.34898 41.26534 41.18033 41.10355 41.0183 40.93269 40.84671 40.80698 40.7462 40.67138 40.59712 40.32451 40.26316 40.20194 40.14075 40.07957 40.01851 39.90461 39.84904 39.79525 39.74439 39.69825 39.65944 39.63172 39.62028 39.63213 39.63012 39.72628 39.87658 40.09244 40.38048 40.73571 41.13234 41.51666 41.81594 41.95199 41.9149 41.75151 41.54226 41.35448 41.22084 41.14489 41.11517 41.11602 41.13297 41.15441 41.17144 41.17708 41.16552 41.13184 41.07244 40.98621 40.87656 40.75323 40.63247 40.53325 40.47036 40.44857 40.46225 40.50012 40.55055 40.60465 40.65685
41.57597 41.5027 41.42707 41.34947 41.27024 41.18962 41.11734 41.03645 40.95528 40.87389 40.78738 40.78622 40.71516 40.51463 40.45786 40.32085 40.26821 40.21659 40.16611 40.11705 40.01348 39.97289 39.9356 39.90279 39.87606 39.85764 39.8506 39.85897 39.86097 39.92314 40.01884 40.13652 40.32512 40.56464 40.86879 41.17567 41.46345 41.68493 41.79346 41.77505 41.66013 41.50502 41.36077 41.25555 41.19573 41.17482 41.18161 41.20465 41.23403 41.26147 41.27988 41.28297 41.2653 41.22295 41.15484 41.06421 40.95953 40.85379 40.76146 40.69396 40.65609 40.64572 40.6563 40.68012 40.71053 40.74281
41.56738 41.49791 41.42621 41.35262 41.27745 41.20096 41.13297 41.05631 40.97949 40.90265 40.823 40.82874 40.76208 40.56207 40.51214 40.46344 40.33519 40.29272 40.2524 40.21455 40.17968 40.09327 40.07072 40.05363 40.0433 40.04146 40.01242 40.04246 40.08813 40.15362 40.24365 40.36289 40.52836 40.71178 40.92255 41.14571 41.35811 41.51905 41.60344 41.60247 41.53465 41.43588 41.34113 41.27231 41.23689 41.23254 41.25231 41.28796 41.33149 41.37536 41.4122 41.43464 41.43578 41.4104 41.35671 41.27779 41.18183 41.08063 40.98673 40.91003 40.85556 40.8233 40.80969 40.8097 40.81844 40.83196
41.56273 41.49656 41.42834 41.35838 41.28696 41.21434 41.15039 41.07779 41.0052 40.92359 40.85987 40.87224 40.81079 40.61028 40.56694 40.52541 40.51975 40.48375 40.34904 40.30994 40.28639 40.20913 40.19968 40.19629 40.19992 40.17043 40.19999 40.23928 40.29025 40.35506 40.43604 40.53541 40.66832 40.80531 40.95727 41.1143 41.25996 41.37722 41.44211 41.45359 41.42242 41.37013 41.31915 41.28533 41.27591 41.29135 41.32812 41.38092 41.44366 41.50951 41.57049 41.61736 41.64041 41.63175 41.58815 41.51293 41.41551 41.30872 41.20528 41.11489 41.04285 40.99028 40.95525 40.93435 40.92383 40.92038
41.56175 41.49846 41.43333 41.36664 41.29867 41.22967 41.16952 41.10079 41.03225 40.95694 40.89769 40.91633 40.85987 40.80561 40.62169 40.58692 40.59013 40.56217 40.53744 40.41338 40.40008 40.39201 40.32193 40.33056 40.3017 40.33389 40.37292 40.41944 40.474 40.53711 40.60925 40.69085 40.79573 40.89445 40.99953 41.10539 41.20293 41.28102 41.33437 41.35249 41.34569 41.32647 41.30879 41.30375 41.31774 41.35279 41.40793 41.48033 41.56573 41.65806 41.74849 41.82492 41.87314 41.88072 41.84218 41.76204 41.65315 41.53164 41.41201 41.30445 41.21432 41.14301 41.08922 41.05827 41.03168 41.01397
41.56417 41.50338 41.44098 41.37725 41.31245 41.24681 41.1902 41.12513 41.06045 40.99118 40.93616 40.96066 40.9089 40.74843 40.71604 40.68614 40.65913 40.63836 40.62157 40.60909 40.49707 40.49882 40.34203 40.40862 40.44441 40.48599 40.53343 40.58653 40.64474 40.70725 40.77306 40.84122 40.92426 40.99368 41.0631 41.13043 41.19187 41.24245 41.27792 41.30166 41.3083 41.30972 41.31464 41.33081 41.36363 41.41595 41.48857 41.58075 41.69006 41.81142 41.9352 42.04564 42.122 42.14492 42.10587 42.01221 41.88297 41.73976 41.59976 41.47964 41.37266 41.2853 41.21621 41.16287 41.12246 41.09226
41.56968 41.51103 41.45106 41.39 41.32809 41.26557 41.25905 41.19822 41.07058 41.01651 40.97499 41.00489 40.95749 40.80072 40.77388 40.74989 40.72917 40.71224 40.70208 40.69719 40.69768 40.53647 40.56502 40.58109 40.62079 40.66644 40.71771 40.7738 40.83337 40.89456 40.95518 41.01302 41.06143 41.10988 41.15288 41.19092 41.22411 41.25179 41.27311 41.2883 41.30453 41.31662 41.33503 41.36525 41.41174 41.47765 41.56495 41.67456 41.80597 41.95556 42.11346 42.26004 42.3662 42.403 42.35807 42.24381 42.09203 41.92485 41.76477 41.6221 41.5005 41.39993 41.31848 41.2535 41.20221 41.16201
41.57793 41.52113 41.4633 41.40464 41.34539 41.34271 41.28499 41.22764 41.10467 41.05426 41.12728 41.08039 41.00528 40.85203 40.83023 40.81155 40.79647 40.7855 40.70095 40.70374 40.71253 40.63765 40.65549 40.69656 40.74386 40.79726 40.85621 40.91954 40.98537 41.05106 41.11335 41.16879 41.23272 41.26545 41.28769 41.30159 41.31019 41.3162 41.32156 41.32784 41.33708 41.35217 41.37671 41.41451 41.46906 41.54336 41.63994 41.76094 41.90759 42.07827 42.2641 42.4427 42.57622 42.6243 42.56996 42.433 42.25257 42.06376 41.88746 41.73257 41.60105 41.49161 41.40175 41.32863 41.2695 41.22186
41.6541 41.59653 41.53825 41.42093 41.42153 41.36647 41.31179 41.2577 41.15874 41.11238 41.19024 41.14749 41.10753 40.90205 40.88477 40.8708 40.86066 40.85489 40.8541 40.78139 40.79629 40.87888 40.75461 40.80203 40.85611 40.91674 40.98327 41.05442 41.12802 41.20086 41.26875 41.32691 41.38634 41.41164 41.42031 41.41558 41.40299 41.38846 41.37671 41.37093 41.3734 41.38623 41.41174 41.45241 41.51076 41.58923 41.69025 41.81645 41.9702 42.15186 42.35464 42.55566 42.71012 42.76626 42.70296 42.54769 42.35019 42.1498 41.96664 41.80738 41.67229 41.55917 41.46518 41.38749 41.32352 41.27096
41.6678 41.61162 41.55504 41.49821 41.4435 41.39106 41.33921 41.28815 41.19428 41.15114 41.23259 41.19319 41.15675 40.95054 40.93723 40.92737 40.92148 40.92014 40.91355 40.92138 40.93575 40.87321 40.84438 40.89714 40.95707 41.02415 41.09784 41.1769 41.25908 41.34086 41.41727 41.48214 41.54126 41.56392 41.56312 41.54257 41.51009 41.47487 41.4446 41.42434 41.4169 41.42393 41.44669 41.48648 41.54466 41.62271 41.72232 41.8456 41.99497 42.17192 42.37223 42.57567 42.73596 42.79503 42.72863 42.56971 42.37295 42.17726 42.00005 41.84594 41.7143 41.60282 41.5089 41.43007 41.36409 41.30899
