tethysapp/magdalena_cauca_data_viewer/public/raster/t_max.asc
ncols         234
nrows         480
xllcorner     -76.963196818345
yllcorner     1.5464674667253
cellsize      0.020005795
NODATA_value  -9999
[rows 261 to 289 of 480, columns 132 to 197 of 234]
36.34283 35.57359 34.77382 34.55447 33.93701 33.74922 32.91894 32.75473 32.59435 32.43519 32.26014 32.09275 31.74832 31.58854 30.81347 30.71368 30.61952 30.53306 30.45584 30.18653 30.14359 30.10868 30.08173 30.06309 30.05362 30.05451 30.09791 30.13473 30.17895 30.24319 30.08948 30.2148 30.29943 30.41959 30.50346 30.5779 30.62463 30.6199 30.62165 30.66368 30.75767 30.86732 31.10595 31.42146 31.83407 32.34279 32.90942 33.43447 33.75205 33.69495 33.17732 32.37505 31.60637 30.88877 30.23876 29.82666 29.51393 29.33712 29.07166 28.55358 27.71607 26.65941 25.75622 25.56102 26.07664 26.74211
36.15316 35.91142 34.78803 33.74115 33.53958 33.352 32.84523 32.68294 32.52108 32.35696 32.18905 31.99923 31.8189 30.83044 30.71168 30.59777 30.49172 30.39607 30.31259 30.24194 30.00275 29.96736 29.94015 29.92152 29.91275 29.70063 29.73481 29.65448 29.74972 29.85396 29.88251 30.0128 30.29702 30.42672 30.55519 30.65589 30.67003 30.61523 30.60323 30.5058 30.63383 30.74661 31.06435 31.23606 31.58703 32.00882 32.4622 32.86133 33.08013 33.00417 32.54074 31.89347 31.18391 30.4769 29.8372 29.55957 29.28761 29.09804 28.7637 28.25637 27.49907 26.47753 25.48101 25.27069 25.94549 26.67864
35.39883 35.13886 34.32992 33.63301 33.44361 33.2657 32.78736 32.62892 32.46697 32.2987 32.12255 31.92469 31.25572 30.76408 30.62757 30.49781 30.37863 30.27316 30.18333 30.1094 29.88158 29.84408 29.41098 29.39088 29.38365 29.39483 29.42795 29.52132 29.61387 29.72186 29.75124 29.90544 30.08409 30.29275 30.5592 30.6729 30.68718 30.61058 30.49876 30.43933 30.44382 30.61738 30.90014 31.12656 31.41385 31.61218 31.93867 32.20714 32.3329 32.09391 31.84192 31.25647 30.64673 30.12828 29.67038 29.33738 29.05006 28.79795 28.50373 28.11683 27.67507 26.94052 26.18755 25.98946 26.46851 26.98511
35.43812 34.97636 34.19807 33.98397 33.35932 33.1937 32.74832 32.5956 32.43493 32.26318 32.07872 31.8816 31.27977 30.71729 30.56057 30.41303 30.27959 30.16421 29.7092 29.6562 29.46001 29.42064 29.37594 29.33291 29.30131 29.29003 29.30476 29.37859 29.46538 29.57386 29.59892 29.76496 29.95578 30.17066 30.39403 30.54011 30.57108 30.48623 30.40293 30.3348 30.32035 30.47247 30.59725 30.89277 30.8158 31.04576 31.27481 31.45214 31.52105 31.36827 31.11974 30.74164 30.26773 29.87189 29.49598 29.19031 28.95741 28.74385 28.52441 28.28235 28.00754 27.68786 27.34778 27.20998 27.23826 27.41142
34.71007 34.51382 33.77402 33.57558 33.25597 33.13879 32.73112 32.58609 32.42806 32.25343 32.06045 31.2436 30.72742 30.49085 30.08551 29.95161 29.84206 29.75825 29.6971 29.65014 29.48408 29.4348 29.36724 29.29263 29.22725 29.18542 29.17583 29.0897 29.16095 29.26246 29.42279 29.58832 29.77114 29.86662 30.06821 30.21024 30.24373 30.27454 30.13512 30.09376 30.05472 30.07487 30.26478 30.3855 30.52008 30.66656 30.80623 30.90536 30.9296 30.72978 30.5439 30.30554 29.93247 29.63615 29.30803 29.09091 28.91011 28.75764 28.62455 28.51439 28.44981 28.44271 28.37754 28.12656 27.8577 27.69557
34.55678 33.88528 33.68939 33.51144 32.87275 32.74427 32.65389 32.50657 31.90627 31.80939 31.59307 31.00547 30.79295 30.50349 30.10662 29.95371 29.83363 29.74949 29.69796 29.63162 29.59948 29.48766 29.38992 29.27149 29.15992 29.07784 29.03757 28.93254 28.99091 29.15044 29.28198 29.43102 29.58856 29.60451 29.75735 29.86313 29.90144 29.87787 29.91073 29.91176 29.88601 29.90009 29.95041 30.15572 30.24904 30.3336 30.41031 30.4577 30.45527 30.25152 30.11181 29.95036 29.65121 29.43423 29.1748 29.01855 28.89562 28.80701 28.74859 28.72394 28.76708 28.93147 29.03008 28.69941 28.16704 27.71459
34.41223 33.7907 33.61596 33.45928 32.87836 32.77352 32.66024 32.19776 32.02223 31.8245 31.59484 30.92476 30.67588 30.43111 30.19776 30.00723 29.8287 29.71005 29.68421 29.68544 29.67505 29.61232 29.48403 29.26208 29.09037 28.95834 28.81193 28.7582 28.80504 28.96102 29.09189 29.2382 29.38535 29.36697 29.48912 29.57192 29.61296 29.61879 29.68311 29.66493 29.65547 29.72761 29.75856 29.94075 30.00515 30.04462 30.07748 30.09089 29.93919 29.8725 29.76734 29.66281 29.41975 29.26674 29.06799 28.96804 28.90119 28.87207 28.87631 28.89708 28.93334 29.06585 29.18191 28.85609 28.21785 27.53715
33.98789 33.82088 33.55471 33.41988 32.90495 32.82674 32.45126 32.33738 32.18158 31.86954 31.31743 31.04705 30.78813 30.5078 30.2414 30.02465 29.78961 29.71644 29.70836 29.74133 29.75872 29.69414 29.52493 29.2914 28.94965 28.755 28.63814 28.59967 28.65118 28.75571 28.89676 29.05526 29.21192 29.19828 29.32072 29.4001 29.44025 29.45178 29.52426 29.51489 29.49771 29.57171 29.58395 29.60809 29.77817 29.79222 29.79304 29.78294 29.62086 29.56387 29.48588 29.39149 29.18656 29.09374 28.981 28.93027 28.9133 28.93911 29.0081 29.08701 29.0927 29.02639 28.96778 28.69945 28.16691 27.48853
33.88352 33.73495 33.6068 33.39324 32.95234 32.90433 32.60916 32.51237 32.36014 32.05173 31.52374 31.21371 30.89169 30.59897 30.30618 30.05168 29.86715 29.71394 29.71177 29.76432 29.7998 29.72658 29.51197 29.21229 28.8081 28.56328 28.41463 28.36231 28.27514 28.38969 28.5042 28.69735 28.89999 29.11267 29.27162 29.36877 29.40161 29.39154 29.43502 29.41477 29.38701 29.368 29.4336 29.42948 29.56874 29.56739 29.54189 29.51343 29.3485 29.30058 29.24541 29.18469 28.99925 28.95492 28.90443 28.89417 28.9169 28.98673 29.11523 29.27872 29.33426 29.12889 28.86992 28.58714 28.20516 27.76433
33.79258 33.66219 33.55202 33.462 33.12346 33.09126 32.79734 32.72011 32.5698 32.06997 31.75645 31.37646 31.01023 30.65666 30.33416 30.09114 29.87979 29.69842 29.67623 29.71289 29.73225 29.63364 29.37878 29.02853 28.57206 28.2908 28.12041 27.94163 27.99907 28.14214 28.3003 28.54616 28.81301 29.07706 29.31743 29.45501 29.47284 29.41315 29.40362 29.36261 29.31779 29.27626 29.23285 29.27514 29.37893 29.34746 29.30948 29.14596 29.10065 29.06153 29.02723 28.85858 28.85175 28.84495 28.82937 28.84963 28.89751 28.98742 29.13142 29.30517 29.36658 29.1618 28.85545 28.57626 28.32071 28.11672
33.71428 33.60227 33.50984 33.18843 33.18065 33.18149 33.00468 32.94866 32.62162 32.33767 31.97984 31.58527 31.15368 30.76598 30.41391 30.1112 29.8014 29.65936 29.6005 29.5772 29.53523 29.38761 29.09836 28.71708 28.19494 27.91858 27.61547 27.57618 27.66104 27.84739 28.10836 28.37156 28.71074 29.05603 29.37077 29.56227 29.56608 29.44946 29.3542 29.35034 29.29025 29.22047 29.14149 29.06017 29.03264 29.13497 28.9111 28.90754 28.85789 28.82828 28.81555 28.68419 28.71171 28.73814 28.76875 28.7919 28.84994 28.93416 29.04651 29.15627 29.17208 29.02534 28.79441 28.57985 28.42625 28.36944
33.64682 33.55405 33.47942 33.21825 33.23692 33.26852 33.20459 33.16895 32.90174 32.58051 32.18007 31.74738 31.31546 30.87388 30.49918 30.17282 29.82365 29.57261 29.47006 29.35151 29.26382 29.04621 28.71533 28.15787 27.74671 27.32656 27.14277 27.11912 27.24747 27.49397 27.81944 28.14744 28.54629 28.94622 29.29876 29.52114 29.53063 29.42581 29.37313 29.33808 29.25101 29.19773 29.07211 28.94328 28.78679 28.76323 28.67737 28.60102 28.60076 28.58325 28.59651 28.5102 28.57417 28.63316 28.68824 28.72511 28.78334 28.84001 28.91309 28.9714 28.95925 28.86092 28.7116 28.57024 28.48345 28.48522
33.58728 33.51539 33.45932 33.24314 33.27955 33.33129 33.34989 33.30598 33.10066 32.75263 32.32594 31.87234 31.4245 30.91838 30.52959 30.24299 29.86018 29.55417 29.35272 29.17241 28.94456 28.64516 28.25438 27.79109 27.24243 26.78502 26.57022 26.56443 26.7581 27.08647 27.48379 27.91163 28.30103 28.71812 29.06821 29.28483 29.35462 29.3912 29.47449 29.46198 29.32223 29.19187 29.00882 28.82586 28.62149 28.54135 28.40869 28.31206 28.30742 28.32687 28.24505 28.44409 28.43933 28.53566 28.61547 28.67927 28.70437 28.75444 28.796 28.82375 28.80398 28.73789 28.64335 28.55288 28.49635 28.48514
33.53148 33.48306 33.44772 33.25959 33.30054 33.35221 33.38919 33.36215 33.15981 32.8173 32.39799 31.95018 31.50546 30.9983 30.60874 30.26313 29.92092 29.64209 29.29736 29.02357 28.74715 28.36719 27.90947 27.38023 26.73038 26.21452 25.92918 25.93947 26.22899 26.66299 27.13143 27.59546 27.99741 28.41345 28.76213 29.01093 29.144 29.39409 29.57718 29.55801 29.35777 29.16045 28.925 28.66849 28.4344 28.21095 28.13688 27.96489 27.96596 28.12553 28.08124 28.29066 28.31255 28.45886 28.56907 28.64312 28.66398 28.69504 28.71371 28.71625 28.70429 28.65828 28.59619 28.53531 28.49031 28.45794
33.47432 33.45293 33.44286 33.27332 33.20512 33.28705 33.29527 33.26028 33.08715 32.78986 32.41111 31.99106 31.56363 31.06618 30.68837 30.35465 30.01963 29.54062 29.2548 29.0203 28.62583 28.16318 27.67061 27.07401 26.35134 25.75022 25.33811 25.36107 25.76826 26.30547 26.81584 27.18745 27.62051 28.03178 28.3991 28.70769 28.95379 29.2331 29.46875 29.4542 29.25599 28.98017 28.70278 28.5073 28.218 27.92166 27.65261 27.55881 27.50795 27.69109 27.80105 27.94258 28.1989 28.42061 28.57298 28.65859 28.67273 28.67838 28.67231 28.65891 28.63465 28.60899 28.56523 28.52157 28.48492 28.45364
33.5024 33.42046 33.2975 33.13672 33.22019 33.27898 33.22795 33.16809 33.00462 32.75637 32.41779 32.02349 31.61311 31.12927 30.77439 30.47236 30.06425 29.72364 29.43572 29.0607 28.68027 28.12448 27.45404 26.91337 26.17203 25.48417 25.05507 25.08253 25.52706 26.05598 26.51052 26.9145 27.3096 27.70322 28.07763 28.41613 28.71798 28.93731 29.11029 29.14149 28.99268 28.79202 28.53828 28.24429 27.98247 27.59228 27.21306 27.00748 26.93211 27.10176 27.40889 27.72128 28.1112 28.43091 28.64072 28.73853 28.69344 28.70616 28.66658 28.63238 28.60071 28.57844 28.54467 28.5118 28.48308 28.45917
33.41322 33.17006 33.16334 33.19054 33.30546 33.39125 33.3241 33.25111 33.11864 32.82276 32.47695 32.07684 31.66711 31.19368 30.87148 30.62553 30.29635 30.04461 29.79876 29.38954 28.80234 28.10738 27.42642 26.78935 26.13721 25.6137 25.26705 25.28715 25.63 26.01595 26.34468 26.65969 27.0069 27.38342 27.76088 28.11033 28.41163 28.58834 28.73429 28.80533 28.72807 28.57936 28.39325 28.09465 27.76413 27.25288 26.72118 26.31973 26.24757 26.46718 26.89653 27.47619 28.02895 28.46499 28.74071 28.84507 28.8111 28.71478 28.61695 28.6216 28.58069 28.46693 28.44414 28.4269 28.48188 28.46392
33.05618 33.04742 33.18399 33.35948 33.55582 33.54806 33.68102 33.66082 33.41959 33.09144 32.61217 32.16022 31.72746 31.25785 30.97717 30.66803 30.62244 30.5444 30.41652 29.98714 29.20916 28.25198 27.38196 26.72095 26.21386 25.85735 25.67256 25.67566 25.82548 25.98711 26.14797 26.3795 26.69952 27.07669 27.46444 27.82464 28.13062 28.35104 28.50141 28.57695 28.57386 28.49638 28.3452 28.03312 27.62144 26.97378 26.26864 25.72453 25.57029 25.85721 26.47991 27.22915 27.92434 28.45749 28.78 28.89631 28.85776 28.74055 28.62357 28.53786 28.56393 28.44806 28.42663 28.41225 28.40261 28.39634
33.08757 33.01767 33.1925 33.44558 33.76602 33.96136 34.2335 34.22531 33.92205 33.39285 32.79054 32.25278 31.78047 31.30991 31.07682 30.87678 31.02216 31.2705 31.34793 30.94436 29.83667 28.37903 27.13473 26.3464 25.97765 25.85597 25.83116 25.83139 25.8216 25.81875 25.83519 26.03918 26.38871 26.79794 27.20884 27.58786 27.91437 28.16582 28.36777 28.51037 28.5996 28.58656 28.37992 28.02018 27.58887 26.85308 26.0288 25.39859 25.21766 25.54516 26.23289 27.04783 27.79116 28.35188 28.68865 28.81553 28.78648 28.69285 28.59176 28.51337 28.46044 28.42755 28.40847 28.39661 28.38916 28.38449
32.87254 32.96958 33.16906 33.49224 33.93589 34.3416 34.75571 34.75454 34.32929 33.70727 32.99028 32.361 31.86631 31.33033 30.97737 31.04685 31.39743 31.97623 32.4486 32.19479 30.61194 28.33242 26.48697 25.57353 25.44993 25.64755 25.82937 25.87239 25.75221 25.49482 25.39418 25.65143 26.06525 26.49533 27.01496 27.32588 27.68377 28.06534 28.34163 28.51847 28.73019 28.79574 28.61916 28.20775 27.70508 26.92873 26.13354 25.53385 25.36399 25.65457 26.26808 26.99885 27.67281 28.18586 28.45165 28.60969 28.63587 28.59059 28.52672 28.47089 28.43016 28.4029 28.38814 28.37935 28.37416 28.37106
32.84441 32.90318 33.09915 33.45154 33.95552 34.43961 34.92461 34.92418 34.45058 33.76236 32.95717 32.28814 31.8231 31.47686 30.96372 31.09778 31.5673 32.29392 33.14489 33.02674 31.02535 27.92001 25.42121 24.42612 24.67272 25.33164 25.77868 25.91887 25.77056 25.32453 25.11989 25.49929 25.9218 26.32902 26.71662 27.09492 27.57813 28.00343 28.23987 28.60734 28.89679 28.98238 28.79545 28.36192 27.75211 27.16591 26.4985 26.00792 25.86378 26.06378 26.43401 27.07851 27.61557 28.03926 28.24585 28.40792 28.47095 28.47176 28.44686 28.41765 28.39315 28.37516 28.36534 28.36036 28.35775 28.35643
32.80858 32.81648 32.98349 33.30693 33.77074 34.15384 34.57687 34.57779 34.15213 33.55051 32.91127 32.1745 31.64892 31.38075 30.85294 30.9744 31.23137 31.99211 32.67447 32.43243 30.46895 27.44211 24.90044 23.92021 24.34148 25.21462 25.81698 26.07156 26.08797 25.81969 25.54035 25.7187 26.02241 26.34263 26.67566 27.02162 27.38162 27.7594 28.10072 28.55634 28.84464 28.92585 28.7412 -9999 -9999 -9999 26.8331 26.43355 26.42626 26.53805 26.7313 -9999 27.62035 27.95225 28.09369 28.24755 28.32787 28.36305 28.36834 28.36222 28.35338 28.34542 28.34076 28.34002 28.34027 28.34096
32.65302 32.63543 32.74482 32.98486 33.33951 33.60017 33.89281 33.88623 33.56497 33.06036 32.58972 31.91715 31.44277 31.14073 30.56208 30.40326 30.72283 31.15524 31.40148 30.95791 29.33975 27.21395 25.42369 24.6238 24.81229 25.42102 25.97667 26.27484 26.48052 26.60308 26.29491 26.12757 26.21704 26.42058 26.68069 26.97592 27.29828 27.64377 27.93783 28.29638 28.54739 28.61803 -9999 -9999 -9999 -9999 -9999 26.83405 26.75767 26.83126 -9999 -9999 -9999 27.73947 28.00119 28.138 28.22377 28.27108 28.30005 28.31074 28.31457 28.31549 28.31554 28.31903 28.32222 28.32502
32.53547 32.48354 32.56161 32.71311 32.9304 32.92118 33.07686 33.03721 32.78133 32.3784 31.9281 31.50911 31.01421 30.60349 30.0056 29.97727 30.09908 30.22962 30.16707 29.56953 28.53954 27.25552 26.1655 25.47559 25.53592 25.81319 26.10611 26.35723 26.56542 26.65782 26.50218 26.36105 26.38048 26.5089 26.70484 26.94453 27.21534 27.29543 27.72452 28.00851 28.18934 28.24714 -9999 -9999 -9999 -9999 -9999 -9999 -9999 -9999 -9999 -9999 -9999 -9999 -9999 -9999 -9999 -9999 -9999 -9999 -9999 -9999 -9999 -9999 28.30412 28.309
32.38911 32.31755 32.3589 32.43069 32.53254 32.34095 32.3824 32.30401 32.09003 31.77494 31.4192 31.07946 30.79376 30.4275 29.8713 29.57183 29.36775 29.32522 28.93623 28.52569 27.87344 27.12884 26.36038 26.01518 25.93291 26.11647 26.24896 26.4147 26.5099 26.54406 26.50015 26.45697 26.48106 26.58142 26.72985 26.6542 26.87586 27.12464 27.37946 27.70252 -9999 -9999 -9999 -9999 -9999 -9999 -9999 -9999 -9999 -9999 -9999 -9999 -9999 -9999 -9999 -9999 -9999 -9999 -9999 -9999 -9999 -9999 -9999 -9999 -9999 28.29328
32.28627 32.13749 32.13476 32.1428 31.83904 31.84412 31.80469 31.6883 31.4855 31.21588 30.91844 30.63434 30.39294 30.05483 29.66239 29.40547 28.85167 28.46158 28.26074 27.93731 27.51106 26.86464 26.52202 26.31171 26.24117 26.26539 26.42863 26.39616 26.45951 26.46078 26.43566 26.40847 26.41012 26.59355 26.46095 26.59969 26.77162 26.96437 -9999 -9999 -9999 -9999 -9999 -9999 -9999 -9999 -9999 -9999 -9999 -9999 -9999 -9999 -9999 -9999 -9999 -9999 -9999 -9999 -9999 -9999 -9999 -9999 -9999 -9999 -9999 -9999
32.16075 31.92763 31.88574 31.85037 31.48159 31.42643 31.33368 31.18472 30.97513 30.71958 30.44826 30.19564 29.85511 29.68745 29.26698 28.89852 28.41264 28.00157 27.79137 27.52883 26.98458 26.74123 26.55028 26.44635 26.43405 26.48206 26.55884 26.56161 26.52301 26.46741 26.46791 26.43826 26.4339 26.46292 26.4243 26.53945 26.67098 -9999 -9999 -9999 -9999 -9999 -9999 -9999 -9999 -9999 -9999 -9999 -9999 -9999 -9999 -9999 -9999 -9999 -9999 -9999 -9999 -9999 -9999 -9999 -9999 -9999 -9999 -9999 -9999 -9999
31.97363 31.76633 31.61697 31.56131 31.17314 31.0834 30.95575 30.77928 30.5532 30.29129 30.02221 29.78184 29.4861 29.10128 28.78594 28.63725 28.17064 27.96938 27.50733 26.92408 26.7488 26.59923 26.50529 26.49197 26.56829 26.74071 26.84362 26.83205 26.71789 26.5778 26.46639 26.39144 26.43599 26.44652 26.22774 26.29191 26.38244 -9999 -9999 -9999 -9999 -9999 -9999 -9999 -9999 -9999 -9999 -9999 -9999 -9999 -9999 -9999 -9999 -9999 -9999 -9999 -9999 -9999 -9999 -9999 -9999 -9999 -9999 -9999 -9999 -9999
31.58105 31.49109 31.43168 31.30622 30.92744 30.81541 30.66161 30.46066 30.21397 29.93492 29.65374 29.28061 28.9982 28.7515 28.62481 28.45606 27.95363 27.70733 27.2209 27.00296 26.53568 26.43697 26.40548 26.46891 26.6514 26.96087 27.1907 27.13495 26.94744 26.69358 26.51034 26.39642 26.3334 26.20085 26.15782 26.21367 -9999 -9999 -9999 -9999 -9999 -9999 -9999 -9999 -9999 -9999 -9999 -9999 -9999 -9999 -9999 -9999 -9999 -9999 -9999 -9999 -9999 -9999 -9999 -9999 -9999 -9999 -9999 -9999 -9999 -9999
