tethysapp/magdalena_cauca_data_viewer/public/raster/t_min.asc
ncols         279
nrows         518
xllcorner     -77.443335897482
yllcorner     1.1863645913819
cellsize      0.020005794964035
NODATA_value  -9999
[rows 180 to 209 of 518, columns 134 to 200 of 279]
16.03722 16.02438 16.00864 15.92377 15.83816 15.75083 15.6607 15.56651 15.4668 15.35986 15.24369 15.11589 14.97365 14.81361 14.6319 14.42407 14.18524 13.91046 13.59542 13.2379 12.84011 12.41214 11.97617 11.56951 11.24318 11.0522 11.038 10.12556 9.042244 7.863064 6.624534 5.392656 4.266346 3.369809 2.828647 2.73321 3.105332 3.8887 4.969659 6.214992 7.505694 8.754664 9.908931 10.94321 11.85109 12.63736 13.31241 13.8888 14.3792 14.79541 15.14788 15.44567 15.62255 15.54468 15.44632 15.34293 15.23472 15.1218 15.00416 14.88167 14.7541 14.6211 14.48222 14.33689 14.18446 14.02417 13.85517
15.98932 15.9807 15.95922 15.87531 15.7905 15.7038 15.61408 15.52005 15.4202 15.31274 15.19556 15.06613 14.92142 14.75782 14.57105 14.35614 14.1075 13.81921 13.48578 13.10356 12.67343 12.20479 11.72081 11.26285 10.88978 10.66705 10.64488 10.43745 9.428765 8.337973 7.200227 6.076668 5.056633 4.250225 3.767319 3.686392 4.026569 4.739384 5.725862 6.868322 8.059681 9.219715 10.29808 11.26941 12.1259 12.87047 13.51169 14.06053 14.52837 14.92595 15.26294 15.54774 15.57345 15.48216 15.38559 15.28396 15.17737 15.06587 14.94937 14.82765 14.7004 14.5672 14.42747 14.28056 14.12567 13.9619 13.78823
15.94205 15.93397 15.91045 15.828 15.74452 15.65902 15.57037 15.47728 15.3782 15.27134 15.15454 15.0252 14.88021 14.71584 14.52763 14.31034 14.05802 13.76426 13.42288 13.02945 12.58399 12.09533 11.58692 11.1021 10.70404 10.46409 10.43761 10.63859 9.94416 8.969615 7.963871 6.98152 6.099431 5.409714 5.002412 4.940991 5.240862 5.862947 6.726508 7.73371 8.793205 9.834272 10.81055 11.69696 12.48407 13.17243 13.76824 14.28032 14.71826 15.09141 15.40828 15.60667 15.52178 15.43146 15.33594 15.23539 15.12984 15.01925 14.90346 14.78218 14.655 14.5214 14.38071 14.23214 14.07477 13.90754 13.72922
15.89547 15.88796 15.86244 15.78192 15.70028 15.61656 15.52965 15.43826 15.3409 15.23577 15.12075 14.99327 14.85028 14.68805 14.5022 14.28755 14.03819 13.74778 13.41021 13.02107 12.58036 12.09679 11.59357 11.11362 10.71953 10.48207 10.45607 10.65529 10.54975 9.706042 8.847041 8.019723 7.287385 6.723333 6.39739 6.357885 6.616298 7.14263 7.874362 8.73413 9.647533 10.55473 11.41449 12.2028 12.90894 13.53119 14.07327 14.54168 14.94407 15.28815 15.58114 15.56722 15.48241 15.39236 15.29725 15.19719 15.09218 14.98209 14.86668 14.74559 14.61831 14.48421 14.34253 14.19234 14.03258 13.86201 13.67923
15.84962 15.84273 15.81532 15.73717 15.65785 15.57646 15.49191 15.40297 15.30821 15.20591 15.09403 14.97013 14.83131 14.67406 14.49425 14.28707 14.0471 13.7686 13.44622 13.0764 12.65992 12.20586 11.73665 11.29246 10.93059 10.71476 10.69379 10.87974 11.2066 10.49634 9.784534 9.110201 8.52351 8.080435 7.832755 7.815493 8.036549 8.473575 9.079913 9.796669 10.56546 11.33745 12.07726 12.76277 13.38272 13.93365 14.41709 14.83742 15.20037 15.51206 15.62068 15.54054 15.45511 15.36467 15.26939 15.16932 15.06443 14.95451 14.83925 14.71819 14.59073 14.45613 14.31352 14.16183 13.99988 13.82625 13.63932
15.80457 15.79833 15.76916 15.69378 15.61724 15.53867 15.45706 15.37126 15.27992 15.18145 15.07395 14.95518 14.82249 14.67273 14.50221 14.30673 14.08168 13.82232 13.52458 13.18627 12.80944 12.40361 11.98984 11.60365 11.29374 11.11265 11.09979 11.26469 11.58204 11.29758 10.72348 10.18973 9.73484 9.400145 9.222689 9.226811 9.417434 9.77806 10.2746 10.86334 11.49971 12.14501 12.76987 13.35478 13.88873 14.36722 14.7902 15.1603 15.48164 15.66375 15.60817 15.52644 15.4397 15.34825 15.25225 15.15174 15.04661 14.93662 14.82135 14.70026 14.57264 14.43764 14.29425 14.1413 13.97745 13.80113 13.61055
15.76037 15.75481 15.72405 15.6518 15.57842 15.50312 15.42496 15.3429 15.2557 15.16191 15.05985 14.94753 14.8226 14.68237 14.52373 14.34322 14.13721 13.90221 13.63558 13.33668 13.00878 12.66161 12.3141 11.99604 11.7462 11.60483 11.60128 11.74243 12.00933 12.07792 11.62666 11.21614 10.87514 10.63334 10.51647 10.54077 10.7088 11.00822 11.41427 11.89487 12.41658 12.94942 13.46971 13.96089 14.4129 14.82098 15.1841 15.50371 15.6752 15.67583 15.60892 15.5248 15.43603 15.34294 15.24571 15.14436 15.03874 14.92851 14.81318 14.6921 14.56443 14.42921 14.28529 14.13139 13.96603 13.78751 13.59387
15.71709 15.71224 15.68005 15.61122 15.54134 15.46967 15.3954 15.31757 15.23509 15.1467 15.05092 14.94604 14.83011 14.70089 14.55591 14.39253 14.20811 14.00039 13.7681 13.51195 13.23609 12.94989 12.66965 12.41916 12.22773 12.12446 12.12996 12.24886 12.46772 12.7597 12.47163 12.16601 11.92081 11.75687 11.69149 11.73499 11.88809 12.14122 12.47615 12.86933 13.29581 13.7327 14.16134 14.56819 14.94467 15.28632 15.59182 15.68222 15.69087 15.65632 15.60917 15.53556 15.44396 15.34859 15.24963 15.1471 15.04077 14.93024 14.8149 14.69396 14.56647 14.43131 14.28721 14.13275 13.96634 13.78618 13.59019
15.67481 15.6707 15.6372 15.57202 15.50589 15.43816 15.36811 15.29491 15.2176 15.13512 15.04622 14.94948 14.84334 14.72604 14.59571 14.45049 14.28867 14.10904 13.91146 13.6976 13.47198 13.24314 13.02451 12.83438 12.69401 12.62368 12.63725 12.73769 12.91578 13.15293 13.24758 13.02996 12.86451 12.76549 12.74413 12.80644 12.95165 13.17192 13.45339 13.77844 14.12834 14.4857 14.83609 15.16885 15.47711 15.66816 15.68467 15.69944 15.68435 15.63959 15.59225 15.54232 15.46334 15.36498 15.26381 15.15979 15.05264 14.94185 14.82667 14.70615 14.57917 14.44445 14.30059 14.14603 13.97908 13.79787 13.60026
15.63359 15.63024 15.58106 15.52352 15.46811 15.4084 15.34282 15.27451 15.20269 15.12645 15.04479 14.95658 14.86061 14.75559 14.64019 14.51321 14.37371 14.22134 14.05672 13.88207 13.70185 13.52346 13.35759 13.21786 13.11933 13.07577 13.0963 13.18275 13.3289 13.52212 13.74653 13.80786 13.70898 13.66469 13.68183 13.7633 13.90707 14.10618 14.34952 14.6234 14.91343 15.2063 15.491 15.63876 15.66141 15.68269 15.70284 15.71295 15.67065 15.62576 15.57829 15.52821 15.47547 15.39186 15.28797 15.18223 15.07425 14.96337 14.84867 14.72898 14.60298 14.4692 14.32607 14.1719 14.00493 13.82324 13.62471
15.59352 15.56596 15.51028 15.457 15.40571 15.35603 15.30749 15.25598 15.18981 15.11998 15.04571 14.96614 14.88038 14.78752 14.68673 14.57733 14.45897 14.33189 14.19719 14.05728 13.91626 13.7803 13.65768 13.55836 13.49285 13.47039 13.49694 13.57361 13.69623 13.85627 14.04276 14.24428 14.45058 14.46536 14.51746 14.61924 14.76758 14.95576 15.17414 15.41142 15.56946 15.59839 15.62564 15.65163 15.67675 15.70133 15.72561 15.70231 15.65994 15.61499 15.56743 15.51723 15.46435 15.40874 15.32173 15.21411 15.10542 14.9948 14.88107 14.76282 14.63845 14.50622 14.36438 14.2111 14.04457 13.86289 13.66403
15.54576 15.49204 15.44079 15.39174 15.3446 15.29903 15.25467 15.21115 15.16804 15.11505 15.04813 14.97707 14.90126 14.82012 14.73319 14.6402 14.54122 14.43685 14.32844 14.21834 14.11016 14.00887 13.9208 13.85316 13.81325 13.8073 13.83921 13.90967 14.0159 14.15216 14.31088 14.48386 14.66337 14.84273 15.01655 15.18069 15.33198 15.46804 15.52037 15.55212 15.58232 15.61136 15.63963 15.66755 15.6955 15.72381 15.73453 15.69475 15.65239 15.60742 15.55982 15.50955 15.45657 15.40083 15.34226 15.25501 15.14591 15.03612 14.92413 14.80816 14.68624 14.55634 14.41641 14.26451 14.09877 13.91741 13.71857
15.46873 15.41959 15.37269 15.32782 15.28477 15.24326 15.20303 15.16378 15.12519 15.08696 15.04873 14.98845 14.92213 14.85201 14.77791 14.69987 14.61823 14.53379 14.44795 14.36289 14.28167 14.20825 14.14742 14.1044 14.08431 14.09137 14.12823 14.19536 14.29092 14.41108 14.55063 14.70371 14.86449 15.02762 15.18836 15.34265 15.4738 15.50585 15.53694 15.56721 15.59691 15.62638 15.65601 15.68619 15.71733 15.74981 15.73018 15.69048 15.64818 15.60324 15.55564 15.50534 15.45229 15.39645 15.33775 15.27612 15.19539 15.08731 14.97814 14.86561 14.74726 14.6206 14.48327 14.33315 14.1684 13.98738 13.78858
15.39346 15.34876 15.30609 15.26531 15.22624 15.1887 15.15249 15.11737 15.08314 15.04957 15.01645 14.98357 14.94209 14.88214 14.81972 14.75506 14.68865 14.62139 14.55464 14.49033 14.43101 14.37982 14.34038 14.31652 14.31187 14.32942 14.371 14.43702 14.52636 14.63648 14.76385 14.90433 15.05356 15.20725 15.36128 15.46633 15.49554 15.52476 15.55395 15.58323 15.61285 15.64311 15.67441 15.70718 15.74186 15.76622 15.72926 15.68971 15.64752 15.60266 15.5551 15.50478 15.45168 15.39575 15.33694 15.27518 15.2104 15.14251 15.04351 14.936 14.82267 14.7004 14.56641 14.41835 14.25446 14.07341 13.87418
15.32013 15.2797 15.24111 15.20427 15.16907 15.13535 15.10299 15.07184 15.04175 15.01258 14.98421 14.95654 14.92951 14.90313 14.85785 14.80499 14.75181 14.6992 14.64843 14.60118 14.55956 14.52607 14.50347 14.49463 14.50221 14.5284 14.57458 14.64121 14.72769 14.83245 14.9532 15.08709 15.23096 15.38142 15.46421 15.48964 15.51602 15.54317 15.57108 15.59989 15.62982 15.66121 15.69449 15.73013 15.76866 15.76872 15.73202 15.69268 15.65067 15.60593 15.55842 15.50811 15.45496 15.39894 15.34 15.2781 15.21318 15.14518 15.07401 14.99956 14.91402 14.79756 14.66766 14.52175 14.35819 14.17617 13.97539
15.2489 15.21254 15.17787 15.14481 15.11329 15.08324 15.05455 15.02714 15.00094 14.97586 14.95187 14.92895 14.90712 14.88647 14.86716 14.84933 14.80751 14.7673 14.72984 14.69658 14.66926 14.6499 14.64065 14.64372 14.66115 14.69464 14.74535 14.81384 14.89995 15.00289 15.12133 15.25348 15.3972 15.46669 15.48784 15.51075 15.53515 15.56095 15.58817 15.61695 15.64756 15.68039 15.71589 15.75462 15.79725 15.77509 15.73873 15.69969 15.65789 15.6133 15.56587 15.51557 15.46236 15.40622 15.34713 15.28506 15.21998 15.15184 15.08058 15.00612 14.92838 14.8472 14.76244 14.64536 14.481 14.2963 14.09205
15.17991 15.14743 15.11648 15.08702 15.05901 15.03242 15.00719 14.98329 14.96069 14.93939 14.91939 14.90074 14.88353 14.86791 14.85409 14.84239 14.83324 14.82616 14.79975 14.77795 14.76221 14.75419 14.75562 14.76825 14.79375 14.83352 14.88865 14.95985 15.04737 15.15107 15.27043 15.40461 15.47257 15.48936 15.50853 15.52979 15.55299 15.57806 15.60509 15.63426 15.66588 15.70037 15.73828 15.78026 15.81888 15.78564 15.74972 15.71104 15.66951 15.62509 15.57774 15.52742 15.47413 15.41784 15.35854 15.29625 15.23094 15.1626 15.09121 15.01672 14.93906 14.85815 14.7632 14.66299 14.55971 14.43426 14.22362
15.11332 15.08452 15.05709 15.03103 15.00634 14.98299 14.96099 14.94034 14.92106 14.90318 14.88678 14.87194 14.8588 14.84755 14.83845 14.83182 14.8281 14.82782 14.83164 14.84032 14.84047 14.8416 14.85163 14.87202 14.9042 14.94943 15.00881 15.08322 15.1733 15.27949 15.40203 15.4648 15.48479 15.50751 15.52665 15.54703 15.56967 15.59456 15.62185 15.65174 15.68462 15.72094 15.76136 15.80663 15.83335 15.80075 15.76536 15.7271 15.68588 15.64165 15.59437 15.54401 15.49057 15.43405 15.37448 15.31187 15.24625 15.17763 15.10603 15.03142 14.9538 14.86529 14.7676 14.66841 14.56704 14.46277 14.35483
15.04928 15.02395 14.99986 14.977 14.9554 14.93508 14.91606 14.8984 14.88213 14.86735 14.85415 14.84266 14.83307 14.82558 14.82049 14.81813 14.81894 14.82341 14.83216 14.84589 14.8654 14.89157 14.92537 14.9582 14.99594 15.0459 15.10923 15.18702 15.28026 15.38993 15.43747 15.45551 15.47621 15.49973 15.52621 15.55585 15.5854 15.61058 15.63848 15.66938 15.70369 15.74195 15.78488 15.83335 15.85265 15.82081 15.78606 15.74829 15.70742 15.66337 15.61613 15.56567 15.51201 15.45517 15.39521 15.33217 15.26611 15.19708 15.12514 15.05032 14.97052 14.87309 14.77563 14.6775 14.57809 14.47673 14.37275
14.98797 14.96592 14.94495 14.92509 14.90637 14.88885 14.87257 14.85761 14.84405 14.83202 14.82163 14.81306 14.80652 14.80224 14.80053 14.80173 14.80627 14.81464 14.8274 14.84522 14.86882 14.89904 14.93677 14.983 15.03876 15.10522 15.18362 15.27359 15.37009 15.41144 15.42766 15.4465 15.4681 15.4926 15.52019 15.55106 15.58544 15.62362 15.65512 15.68723 15.72309 15.7633 15.80864 15.86013 15.85472 15.84174 15.81229 15.77509 15.73458 15.69072 15.64346 15.59283 15.53884 15.48155 15.42104 15.35741 15.29074 15.22114 15.1487 15.0735 14.98177 14.88384 14.78666 14.68963 14.59219 14.49374 14.39369
14.92395 14.90709 14.89173 14.87551 14.85946 14.8445 14.8307 14.81817 14.80701 14.79738 14.78943 14.78336 14.7794 14.77781 14.7789 14.78303 14.79061 14.80213 14.81813 14.83923 14.86613 14.89961 14.94054 14.98989 15.04875 15.11835 15.20009 15.29563 15.38673 15.4012 15.41826 15.43805 15.4607 15.48636 15.51521 15.54746 15.58335 15.62319 15.66734 15.70543 15.7429 15.785 15.83258 15.86123 15.85094 15.83839 15.82344 15.80598 15.76792 15.72421 15.67688 15.62595 15.57149 15.51358 15.45234 15.38789 15.3204 15.25 15.17685 15.028 14.92992 14.89695 14.80014 14.70422 14.60872 14.51314 14.41696
14.85693 14.84253 14.82955 14.81807 14.80815 14.79986 14.79069 14.7803 14.77124 14.76367 14.75778 14.7538 14.75197 14.75258 14.75595 14.76244 14.77247 14.7865 14.80506 14.82874 14.85823 14.89428 14.93774 14.98959 15.05095 15.12311 15.20762 15.30633 15.3762 15.3915 15.40952 15.43038 15.45422 15.48119 15.51146 15.54524 15.58276 15.62433 15.67032 15.72121 15.7633 15.80717 15.85673 15.86325 15.85379 15.84185 15.82729 15.80998 15.78987 15.76445 15.71695 15.6656 15.61047 15.55172 15.48949 15.42397 15.35538 15.20407 14.98201 14.79881 14.6808 14.64689 14.6988 14.72073 14.62714 14.53436 14.43776
14.7912 14.77908 14.76833 14.75901 14.75121 14.74499 14.74044 14.73763 14.73666 14.73114 14.72695 14.72466 14.72454 14.72689 14.73204 14.74038 14.75229 14.76826 14.78879 14.81445 14.84591 14.8839 14.92927 14.98299 15.0462 15.12025 15.20675 15.30769 15.36634 15.38256 15.40164 15.4237 15.44888 15.4773 15.50914 15.54459 15.58386 15.62725 15.67512 15.72793 15.7846 15.8301 15.8686 15.87215 15.86377 15.85264 15.83862 15.82156 15.8014 15.77814 15.75181 15.71239 15.65637 15.59649 15.53296 15.46604 15.34185 15.07168 14.81282 14.59549 14.45489 14.41809 14.48921 14.64488 14.64695 14.55689 14.45022
14.72674 14.71675 14.70806 14.70077 14.69493 14.69064 14.68798 14.68703 14.6879 14.69069 14.69554 14.69625 14.69741 14.70106 14.70754 14.71723 14.73054 14.74792 14.76988 14.79697 14.82984 14.8692 14.91588 14.97085 15.03523 15.1104 15.19799 15.30004 15.35732 15.37454 15.39479 15.41818 15.44484 15.47488 15.50846 15.54573 15.5869 15.63222 15.68202 15.73672 15.79691 15.8366 15.87189 15.88852 15.88151 15.87143 15.85809 15.84136 15.82117 15.79752 15.7705 15.74025 15.70695 15.64849 15.58328 15.51455 15.28594 14.98983 14.70142 14.45561 14.2952 14.25481 14.34103 14.5258 14.66772 14.58028 14.46412
14.66355 14.65553 14.64878 14.64336 14.63935 14.63685 14.63594 14.63671 14.63926 14.64371 14.65018 14.65883 14.66981 14.67545 14.68281 14.6934 14.70762 14.72594 14.74884 14.77686 14.81062 14.85081 14.89824 14.95384 15.01872 15.09421 15.18192 15.28384 15.34925 15.36756 15.3891 15.41398 15.44228 15.47413 15.50964 15.54893 15.59218 15.63958 15.69141 15.74804 15.80491 15.84159 15.87795 15.9131 15.9078 15.89902 15.88655 15.87022 15.84997 15.82583 15.79792 15.76642 15.73161 15.69382 15.64106 15.57001 15.28644 14.97852 14.67625 14.41665 14.24625 14.20359 14.29674 14.4954 14.68904 14.59506 14.47947
14.60161 14.59544 14.59048 14.58681 14.58451 14.58367 14.58437 14.58672 14.59082 14.59678 14.60473 14.61482 14.6272 14.64208 14.65819 14.66924 14.68394 14.70274 14.72612 14.75461 14.78878 14.82931 14.87696 14.93262 14.99733 15.07237 15.15925 15.25983 15.34221 15.36172 15.38469 15.41121 15.44137 15.47524 15.51291 15.55447 15.60004 15.64974 15.70379 15.76245 15.81273 15.85024 15.8875 15.9289 15.94357 15.93642 15.92501 15.90917 15.88883 15.86403 15.83494 15.80183 15.76506 15.72505 15.6823 15.633 15.34974 15.04761 14.75189 14.49852 14.33231 14.29019 14.37984 14.57233 14.71057 14.60938 14.49625
14.54091 14.53647 14.53319 14.53114 14.53043 14.53113 14.53333 14.53714 14.54266 14.55 14.55929 14.57068 14.58432 14.6004 14.61912 14.64072 14.65986 14.67872 14.70216 14.73068 14.76483 14.80525 14.85263 14.90781 14.97177 15.04564 15.13082 15.22898 15.33626 15.35709 15.38165 15.41001 15.44224 15.4784 15.51853 15.56268 15.61089 15.66322 15.71977 15.78071 15.82511 15.86339 15.90149 15.94304 15.98898 15.98484 15.97475 15.95949 15.93899 15.91331 15.88268 15.84747 15.80814 15.76528 15.71949 15.67142 15.47259 15.19213 14.92119 14.69176 14.54218 14.503 14.57998 14.74856 14.73194 14.62499 14.51449
14.48145 14.47862 14.4769 14.47638 14.47714 14.47928 14.48287 14.48803 14.49486 14.50347 14.51398 14.52654 14.5413 14.55844 14.57816 14.60068 14.62626 14.65425 14.67735 14.7055 14.73924 14.77913 14.82582 14.88007 14.94274 15.01485 15.09762 15.19248 15.2965 15.35369 15.38001 15.41044 15.44503 15.4838 15.52676 15.5739 15.62519 15.6806 15.74009 15.79758 15.843 15.88206 15.92114 15.96278 16.00771 16.04581 16.03734 16.02277 16.00201 15.97516 15.94252 15.90457 15.86194 15.81537 15.76566 15.71364 15.59724 15.39441 15.15874 14.96261 14.83556 14.79987 14.85891 14.83686 14.7528 14.64192 14.53417
14.4232 14.42188 14.42163 14.42254 14.42468 14.42815 14.43305 14.43946 14.4475 14.45727 14.4689 14.48253 14.4983 14.51638 14.53696 14.56026 14.58653 14.61605 14.64913 14.67949 14.71245 14.75146 14.7971 14.85002 14.91099 14.98088 15.0607 15.14298 15.22776 15.32741 15.37982 15.41258 15.44985 15.49161 15.53786 15.5885 15.64343 15.70252 15.76558 15.81949 15.86757 15.90752 15.94794 15.98988 16.03379 16.0805 16.11472 16.10098 16.07983 16.05143 16.01616 15.97465 15.92775 15.87641 15.82166 15.76457 15.6317 15.50228 15.37795 15.25965 15.14796 15.04328 14.94581 14.85566 14.77029 14.66013 14.55526
14.36616 14.36626 14.36739 14.36963 14.37306 14.37779 14.3839 14.39149 14.40066 14.41151 14.42417 14.43877 14.45545 14.47437 14.49571 14.51968 14.54652 14.57647 14.60985 14.64698 14.68486 14.72269 14.76698 14.81829 14.87726 14.94461 15.01255 15.07816 15.15523 15.24524 15.34974 15.41645 15.45676 15.50199 15.55205 15.60683 15.66613 15.72969 15.79718 15.84853 15.89921 15.94124 15.9837 16.02646 16.06967 16.11378 16.1597 16.19656 16.17487 16.06732 15.98715 15.95063 15.90151 15.8652 15.86078 15.80806 15.66906 15.53424 15.40522 15.28307 15.16847 15.06183 14.96341 14.87332 14.78753 14.67955 14.57762
