tethysapp/magdalena_cauca_data_viewer/public/raster/t_min.asc
ncols         279
nrows         518
xllcorner     -77.443335897482
yllcorner     1.1863645913819
cellsize      0.020005794964035
NODATA_value  -9999
[rows 150 to 179 of 518, columns 134 to 200 of 279]
14.43432 13.54044 12.66786 11.89196 11.28652 10.93277 10.88453 11.15753 11.72056 12.50523 13.42645 14.40308 15.37111 16.28789 17.01599 17.00911 17.00425 17.00139 17.00053 17.00166 17.00479 17.00994 17.01716 17.0265 17.03806 17.05195 17.06833 17.08737 17.10933 17.13451 17.16326 17.19602 17.23335 17.27588 17.23244 17.20069 17.21708 17.28142 17.37902 17.38308 17.38841 17.39496 17.40265 17.41135 17.42093 17.4312 17.44193 17.45285 17.46361 17.47385 17.46386 17.3147 17.17417 17.04361 16.92179 16.80763 16.70023 16.59879 16.50265 16.41123 16.32406 16.2407 16.16081 16.08406 16.0102 15.93899 15.87025
14.5461 13.70202 12.88872 12.16329 11.60024 11.27442 11.23274 11.48881 12.01459 12.74884 13.61486 14.53854 15.46036 16.33958 16.97145 16.96506 16.96067 16.95828 16.95786 16.95942 16.96296 16.96851 16.97611 16.9858 16.99766 17.01181 17.02836 17.04749 17.06941 17.0944 17.12278 17.15496 17.19143 17.23279 17.25558 17.22421 17.24094 17.30587 17.33005 17.33512 17.34159 17.34942 17.35854 17.36887 17.38027 17.39259 17.40559 17.41903 17.43255 17.44575 17.43438 17.28332 17.14352 17.01355 16.89216 16.77832 16.67111 16.56976 16.47362 16.38211 16.29476 16.21116 16.13096 16.05385 15.97957 15.90791 15.83867
14.79114 14.01983 13.28502 12.63573 12.13561 11.85098 11.819 12.05062 12.52234 13.18289 13.96723 14.81126 15.66197 16.48168 16.92788 16.92202 16.91815 16.91626 16.91633 16.91837 16.92238 16.92837 16.93639 16.94646 16.95866 16.97306 16.98979 17.00898 17.03082 17.05555 17.08346 17.1149 17.15032 17.19024 17.23531 17.27398 17.27548 17.27858 17.28328 17.28958 17.29745 17.30688 17.31783 17.33023 17.34398 17.35895 17.37495 17.39171 17.40889 17.42607 17.39423 17.24545 17.10748 16.97898 16.85875 16.7458 16.63926 16.53838 16.44254 16.3512 16.26389 16.18021 16.09983 16.02246 15.94786 15.8758 15.80611
15.13863 14.45408 13.81114 13.24334 12.81986 12.58117 12.55988 12.76433 13.17575 13.75318 14.44387 15.19458 15.95986 16.70597 16.88528 16.87999 16.87668 16.87534 16.87595 16.87852 16.88305 16.88955 16.89804 16.90855 16.92112 16.93583 16.95276 16.97202 16.99377 17.01821 17.04557 17.07617 17.1104 17.1487 17.19165 17.22595 17.2284 17.23259 17.23856 17.24631 17.25586 17.2672 17.28035 17.29527 17.31191 17.33018 17.3499 17.37086 17.39269 17.37042 17.3318 17.20162 17.0665 16.94028 16.82187 16.71034 16.60489 16.50484 16.40959 16.31864 16.23155 16.14795 16.06752 15.98998 15.91512 15.84272 15.77262
15.5545 14.96132 14.41326 13.93199 13.58057 13.38694 13.37585 13.55338 13.90503 14.3992 14.99458 15.64841 16.32292 16.8503 16.84364 16.83896 16.83626 16.83551 16.83672 16.83989 16.84501 16.85208 16.86111 16.87213 16.88515 16.90023 16.91742 16.9368 16.95849 16.98264 17.00945 17.03917 17.07211 17.10868 17.14936 17.17931 17.18284 17.18829 17.19571 17.20514 17.21661 17.23018 17.2459 17.26378 17.28385 17.30604 17.33027 17.35633 17.32747 17.29022 17.25232 17.15263 17.02122 16.89797 16.78194 16.67229 16.56832 16.4694 16.37498 16.28462 16.19791 16.1145 16.03412 15.9565 15.88143 15.80873 15.73824
16.00725 15.50277 15.0451 14.64426 14.35891 14.20598 14.20373 14.35645 14.65319 15.07018 15.57584 16.13669 16.72216 16.80899 16.80297 16.79893 16.79687 16.79678 16.79865 16.80248 16.80826 16.81599 16.82566 16.83728 16.85085 16.8664 16.88394 16.90353 16.92524 16.94917 16.97546 17.00431 17.03597 17.07076 17.10908 17.13387 17.13862 17.14548 17.15453 17.16583 17.17947 17.19556 17.21419 17.23546 17.25946 17.28623 17.31574 17.2842 17.24833 17.21178 17.17457 17.09947 16.97242 16.8527 16.73949 16.6321 16.5299 16.43235 16.33897 16.24935 16.16314 16.08004 15.99978 15.92212 15.84689 15.7739 15.70303
16.47093 16.04785 15.65854 15.34144 15.11344 14.99526 15.00015 15.13106 15.37985 15.72888 16.15442 16.63073 16.77593 16.76858 16.76323 16.75987 16.7585 16.75912 16.76172 16.7663 16.77283 16.78132 16.79174 16.80409 16.81834 16.83448 16.85252 16.87245 16.89431 16.91813 16.94402 16.97208 17.00252 17.03556 17.07153 17.08943 17.09552 17.10394 17.11478 17.12814 17.14417 17.16302 17.18487 17.20992 17.23834 17.26879 17.24063 17.20616 17.17099 17.13512 17.09855 17.04324 16.92101 16.80519 16.69513 16.59026 16.49004 16.39403 16.30183 16.21308 16.12747 16.04473 15.96463 15.88698 15.81159 15.73834 15.66708
16.91996 16.57014 16.27826 16.0222 15.84145 15.75131 15.7613 15.87342 16.08158 16.37273 16.72912 16.74443 16.73574 16.72906 16.7244 16.72176 16.72114 16.72253 16.72593 16.73134 16.73873 16.7481 16.7594 16.77262 16.78771 16.80464 16.82335 16.84382 16.86602 16.88993 16.91557 16.94301 16.97235 17.00375 17.03744 17.04576 17.05332 17.06343 17.07619 17.09178 17.11036 17.13219 17.15753 17.18668 17.20292 17.18157 17.15933 17.12994 17.09546 17.06024 17.02428 16.98512 16.86795 16.75624 16.6495 16.54729 16.44918 16.35483 16.26389 16.17606 16.09109 16.00876 15.92885 15.8512 15.77567 15.70211 15.63044
16.92333 16.89604 16.83261 16.62782 16.48625 16.41902 16.43295 16.52936 16.70375 16.72654 16.71445 16.7044 16.69638 16.6904 16.68646 16.68457 16.68474 16.68697 16.69125 16.69759 16.70595 16.71633 16.72868 16.74296 16.7591 16.77703 16.79666 16.81791 16.8407 16.86495 16.89061 16.91765 16.94611 16.97605 16.99612 17.00263 17.01178 17.02369 17.0385 17.05642 17.07771 17.10267 17.13168 17.13667 17.11691 17.09625 17.07462 17.05199 17.02174 16.98715 16.95179 16.91564 16.81419 16.70662 16.60324 16.50373 16.40778 16.31511 16.22545 16.13857 16.05426 15.97232 15.8926 15.81494 15.73922 15.66534 15.59321
16.88137 16.8514 16.82352 16.79771 16.77397 16.75229 16.73265 16.71507 16.69952 16.68602 16.67456 16.66516 16.65781 16.65254 16.64935 16.64825 16.64926 16.65239 16.65764 16.665 16.67447 16.68602 16.6996 16.71515 16.73258 16.75179 16.77264 16.79501 16.81873 16.84366 16.86966 16.89663 16.9245 16.94651 16.94621 16.95429 16.97063 16.98444 17.00139 17.02174 17.04581 17.07399 17.06973 17.05168 17.03274 17.01282 16.99188 16.96986 16.94672 16.91589 16.8811 16.84546 16.76068 16.65712 16.55701 16.46014 16.36629 16.27526 16.18686 16.10089 16.0172 15.93563 15.85604 15.77833 15.70238 15.62812 15.55547
16.83745 16.80774 16.7802 16.75479 16.73149 16.71029 16.69118 16.67413 16.65916 16.64625 16.63542 16.62666 16.61412 16.59966 16.59111 16.58897 16.59376 16.60605 16.62502 16.63353 16.64424 16.65713 16.67214 16.68921 16.70823 16.72905 16.7515 16.77538 16.80046 16.82313 16.753 16.69555 16.65242 16.62493 16.61412 16.62059 16.6445 16.68555 16.74303 16.8158 16.90243 17.0012 16.98553 16.96846 16.95042 16.93133 16.91112 16.88976 16.86721 16.84342 16.81224 16.7771 16.70827 16.60846 16.51141 16.41702 16.32515 16.23566 16.14842 16.06329 15.98015 15.89888 15.81937 15.74153 15.66528 15.59055 15.5173
16.79445 16.76498 16.73774 16.71269 16.68981 16.66907 16.65045 16.63394 16.61952 16.6072 16.59698 16.57118 16.54889 16.5319 16.52067 16.51568 16.51749 16.52669 16.5439 16.56978 16.60497 16.62957 16.64626 16.66514 16.68609 16.70892 16.73342 16.70587 16.60099 16.50594 16.423 16.35435 16.302 16.26762 16.25244 16.25717 16.28194 16.32629 16.38918 16.46911 16.56414 16.67208 16.79052 16.88703 16.86998 16.85179 16.83239 16.81174 16.78981 16.76657 16.73503 16.69882 16.65772 16.56128 16.467 16.37484 16.28475 16.19664 16.11044 16.02603 15.94334 15.86227 15.78275 15.70469 15.62804 15.55275 15.47879
16.75227 16.723 16.69605 16.67135 16.64887 16.62857 16.61043 16.59443 16.58055 16.5688 16.53567 16.50591 16.48084 16.46088 16.44648 16.43813 16.43641 16.44194 16.45537 16.47741 16.50875 16.55013 16.60224 16.64286 16.66613 16.66513 16.52917 16.39858 16.27593 16.16393 16.0654 15.98308 15.91949 15.87673 15.85637 15.85926 15.88552 15.93448 16.00474 16.09429 16.20061 16.32088 16.45208 16.59119 16.73525 16.77424 16.75572 16.73584 16.71218 16.68436 16.65277 16.61644 16.57878 16.51615 16.42425 16.33403 16.24547 16.15854 16.07319 15.98936 15.90699 15.826 15.74634 15.66796 15.5908 15.51483 15.44004
16.7108 16.68173 16.65505 16.63069 16.6086 16.58874 16.57106 16.55556 16.54221 16.50773 16.47089 16.43817 16.4099 16.38648 16.36838 16.3561 16.35024 16.35146 16.36045 16.37799 16.40484 16.44182 16.48973 16.54934 16.53926 16.37963 16.22239 16.07024 15.92624 15.79373 15.67622 15.57717 15.4998 15.44682 15.42025 15.4212 15.44977 15.50505 15.58517 15.68745 15.80864 15.9451 16.09308 16.24885 16.4089 16.57001 16.67659 16.6522 16.62627 16.59872 16.56953 16.537 16.49919 16.45997 16.38359 16.29494 16.20762 16.12163 16.03694 15.95351 15.87129 15.79025 15.71032 15.63148 15.55367 15.4769 15.3711
16.66995 16.64108 16.61468 16.59065 16.56894 16.54951 16.53229 16.51727 16.48741 16.44392 16.40401 16.36792 16.33599 16.3086 16.28621 16.26937 16.25869 16.25487 16.25867 16.27094 16.29254 16.3244 16.36742 16.42253 16.26234 16.07877 15.89651 15.71873 15.54909 15.39172 15.25102 15.13141 15.03706 14.97152 14.93746 14.93634 14.96829 15.03208 15.12521 15.24415 15.38464 15.54202 15.71157 15.88871 16.06925 16.24948 16.4262 16.56903 16.54353 16.51633 16.48739 16.45669 16.42254 16.38312 16.34222 16.25787 16.17148 16.08616 16.0019 15.91867 15.83645 15.75519 15.67484 15.59539 15.5168 15.42144 15.29087
16.62962 16.60097 16.57485 16.55116 16.52984 16.51083 16.49407 16.47468 16.425 16.3784 16.33504 16.29516 16.25907 16.22715 16.19985 16.17774 16.16146 16.15176 16.1495 16.15559 16.17103 16.19688 16.2342 16.18127 15.97317 15.76186 15.55025 15.34203 15.1416 14.95407 14.78497 14.63999 14.52459 14.4435 14.40029 14.39695 14.43366 14.50875 14.6189 14.7594 14.92469 15.10874 15.3056 15.50962 15.7158 15.91983 16.11819 16.30805 16.46398 16.43718 16.40854 16.37804 16.34567 16.30921 16.26804 16.22305 16.13725 16.05233 15.96827 15.88504 15.80263 15.72097 15.64006 15.55984 15.47677 15.33954 15.20747
16.58974 16.56132 16.5355 16.51216 16.49124 16.47265 16.45634 16.41399 16.36123 16.3112 16.26402 16.21991 16.17914 16.14207 16.10917 16.08099 16.05823 16.0417 16.03234 16.03118 16.03938 16.05815 16.08875 15.90944 15.67197 15.42866 15.18274 14.93846 14.7011 14.47694 14.27297 14.09659 13.95497 13.85449 13.79997 13.79418 13.83739 13.92738 14.05962 14.22786 14.42473 14.64244 14.87342 15.11073 15.34837 15.58138 15.80588 16.01893 16.21846 16.36131 16.33301 16.30275 16.27052 16.2363 16.19682 16.15374 16.10511 16.02031 15.93621 15.85278 15.76998 15.68777 15.60611 15.52496 15.39255 15.25447 15.12108
16.5502 16.52205 16.49656 16.4736 16.45308 16.43493 16.41064 16.35228 16.29619 16.24242 16.19104 16.14224 16.09624 16.05337 16.01408 15.97896 15.94871 15.92423 15.90655 15.89686 15.8965 15.90689 15.88921 15.63023 15.35957 15.07959 14.79377 14.50695 14.2254 13.9568 13.71003 13.49466 13.32024 13.19539 13.12676 13.1182 13.17015 13.27958 13.44036 13.64405 13.88086 14.14066 14.41382 14.69178 14.9674 15.23503 15.49043 15.73064 15.95372 16.15858 16.26083 16.23084 16.19876 16.16459 16.12833 16.08515 16.03995 15.99022 15.90585 15.82202 15.73866 15.65572 15.57314 15.44873 15.30527 15.16656 15.03196
16.51095 16.48311 16.45797 16.43542 16.41534 16.39763 16.35118 16.28967 16.23001 16.1722 16.11625 16.06228 16.01046 15.96109 15.91459 15.87152 15.83264 15.79891 15.77147 15.75171 15.74118 15.7416 15.63712 15.34543 15.03765 14.716 14.38414 14.04745 13.71327 13.39095 13.09168 12.8279 12.61235 12.45676 12.37035 12.35855 12.42205 12.55672 12.75416 13.00289 13.28984 13.60179 13.92651 14.25348 14.57426 14.8825 15.17371 15.44501 15.69477 15.92233 16.12769 16.16237 16.13047 16.09636 16.06004 16.0196 15.97391 15.92637 15.87698 15.7929 15.7088 15.62496 15.50651 15.35862 15.21541 15.0762 14.94043
16.4719 16.44442 16.41969 16.39758 16.37796 16.35744 16.29111 16.2263 16.16287 16.10073 16.03985 15.98024 15.92201 15.8654 15.81076 15.75865 15.70983 15.66533 15.62645 15.59475 15.5721 15.56056 15.38498 15.05773 14.70896 14.34055 13.95614 13.56154 13.16517 12.7783 12.41493 12.0912 11.82409 11.62963 11.5207 11.50497 11.58357 11.75078 11.99499 12.30053 12.64989 13.0258 13.41277 13.79798 14.17161 14.52664 14.85851 15.16464 15.44391 15.69627 15.92236 16.09738 16.06569 16.03166 15.99529 15.95658 15.91098 15.8628 15.81264 15.76049 15.68054 15.56401 15.41298 15.26638 15.12353 14.98387 14.84692
16.433 16.40594 16.38166 16.36003 16.34091 16.29994 16.23063 16.16238 16.09499 16.02829 15.96212 15.89642 15.83118 15.76655 15.7028 15.64044 15.58022 15.52323 15.47089 15.42502 15.38784 15.36189 15.13612 14.77087 14.37758 13.95753 13.51403 13.05309 12.58414 12.12051 11.67955 11.28204 10.95058 10.7071 10.5696 10.54903 10.6471 10.85588 11.15926 11.53575 11.96191 12.41522 12.87624 13.32952 13.76382 14.17169 14.54876 14.89302 15.20414 15.48291 15.7308 15.94968 16.00452 15.97059 15.93419 15.89529 15.85124 15.80242 15.75145 15.69834 15.61909 15.46656 15.31798 15.17274 15.03028 14.89013 14.75186
16.39418 16.36761 16.34385 16.32276 16.30417 16.24224 16.1699 16.09815 16.02668 15.9552 15.88345 15.81122 15.7384 15.66497 15.5911 15.51719 15.44396 15.37249 15.30436 15.24165 15.187 15.14357 14.8947 14.48975 14.04917 13.57327 13.06466 12.52918 11.97701 11.42356 10.89001 10.4028 9.991855 9.687034 9.513483 9.486789 9.60958 9.870812 10.24806 10.71194 11.2311 11.77648 12.32387 12.85503 13.35746 13.82359 14.24963 14.63456 14.97914 15.28526 15.55542 15.79239 15.94706 15.91326 15.87683 15.83776 15.79484 15.74534 15.69355 15.63942 15.51746 15.36859 15.22243 15.0785 14.93635 14.79557 14.65579
16.35539 16.32939 16.30622 16.28572 16.26033 16.18453 16.10919 16.03391 15.95828 15.88188 15.80431 15.72519 15.64425 15.56128 15.47628 15.38948 15.30148 15.21335 15.12673 15.04401 14.96832 14.90359 14.66573 14.22048 13.73107 13.19644 12.618 12.00094 11.3557 10.69961 10.05794 9.46388 8.956494 8.576138 8.357698 8.323265 8.476789 8.802925 9.270609 9.839849 10.46916 11.12139 11.76698 12.38486 12.96164 13.49013 13.96767 14.39462 14.77324 15.10677 15.39894 15.65353 15.8742 15.85978 15.82335 15.78414 15.74191 15.69174 15.6391 15.56385 15.41657 15.27116 15.12725 14.98448 14.84245 14.70082 14.55928
16.3166 16.29124 16.26875 16.24891 16.2053 16.12702 16.04876 15.97 15.89021 15.80883 15.72528 15.63901 15.5495 15.45634 15.35924 15.25822 15.15365 15.04647 14.93838 14.83198 14.73098 14.64025 14.45496 13.97027 13.43226 12.8381 12.18748 11.48424 10.73852 9.969024 9.205147 8.48763 7.866592 7.39572 7.122774 7.078675 7.269259 7.67341 8.248563 8.940992 9.69659 10.46876 11.22219 11.93324 12.58823 13.18103 13.71068 14.17943 14.59134 14.95127 15.26431 15.53537 15.76901 15.8103 15.77393 15.73459 15.69224 15.64181 15.58831 15.46046 15.31756 15.17529 15.03337 14.8915 14.74934 14.60658 14.46294
16.27775 16.25315 16.2314 16.21229 16.15054 16.06994 15.9889 15.90679 15.82294 15.73662 15.64707 15.5535 15.45514 15.35126 15.24125 15.12478 15.00188 14.87324 14.74044 14.60626 14.47499 14.3526 14.24667 13.74717 13.16313 12.51152 11.78982 10.99992 10.15081 9.261876 8.366193 7.512414 6.76325 6.188466 5.852006 5.796242 6.029559 6.523465 7.22081 8.050931 8.944839 9.845484 10.71184 11.5183 12.25168 12.90764 13.48749 13.99579 14.43866 14.82274 15.15455 15.44016 15.68507 15.765 15.72873 15.68932 15.6467 15.59576 15.49918 15.36054 15.22151 15.08196 14.94168 14.80038 14.65777 14.51356 14.36744
16.23883 16.21507 16.19415 16.17587 16.09624 16.01354 15.92995 15.84471 15.757 15.66591 15.57048 15.46965 15.36234 15.24746 15.12398 14.99107 14.84831 14.69592 14.53518 14.36888 14.20182 14.0412 13.89675 13.55956 12.9348 12.23141 11.44436 10.57303 9.624554 8.618078 7.589529 6.595119 5.710787 5.024271 4.618419 4.549396 4.828828 5.41946 6.246945 7.2212 8.256938 9.286431 10.26349 11.16142 11.96835 12.68235 13.30745 13.85071 14.32045 14.72508 15.07257 15.37009 15.62399 15.72406 15.68798 15.64855 15.60572 15.53219 15.39938 15.2651 15.12937 14.99207 14.85301 14.71193 14.56852 14.42248 14.27348
16.19981 16.17699 16.15701 16.1265 16.04257 15.95809 15.87225 15.78419 15.69293 15.5974 15.49638 15.38856 15.27248 15.14664 15.00949 14.8596 14.69589 14.5179 14.32636 14.12377 13.91526 13.70928 13.51811 13.35739 12.75823 12.0127 11.17132 10.23082 9.195967 8.084872 6.935194 5.809517 4.796208 4.000993 3.526506 3.443828 3.768296 4.453359 5.406491 6.517611 7.68537 8.832235 9.907921 10.88555 11.75517 12.51761 13.17964 13.75084 14.24156 14.66186 15.02097 15.32703 15.58714 15.68771 15.65191 15.61256 15.5596 15.43389 15.30565 15.17502 15.042 14.90646 14.7682 14.62694 14.48237 14.33412 14.18181
16.16066 16.1389 16.11994 16.07475 15.98974 15.90383 15.81615 15.72569 15.63134 15.53183 15.42574 15.31143 15.18709 15.05074 14.90024 14.73347 14.54847 14.3439 14.11958 13.87737 13.62237 13.36416 13.11781 12.90378 12.64297 11.86878 10.98947 9.999369 8.900971 7.710909 6.467472 5.2377 4.119789 3.234664 2.702437 2.607824 2.969792 3.733558 4.790397 6.012776 7.285859 8.524409 9.675422 10.7125 11.62775 12.42451 13.11199 13.70182 14.20602 14.63595 15.0018 15.31247 15.57556 15.6562 15.62079 15.58165 15.46447 15.34323 15.21873 15.09104 14.96014 14.82587 14.68799 14.54619 14.40009 14.24926 14.09326
16.12137 16.10077 16.08294 16.02362 15.93794 15.85105 15.76198 15.66964 15.57277 15.46994 15.35948 15.2395 15.10779 14.96187 14.79901 14.61626 14.41073 14.17991 13.92242 13.63907 13.33443 13.01882 12.71013 12.43442 12.22375 11.80964 10.91317 9.899318 8.768924 7.537313 6.242582 4.953868 3.774934 2.836027 2.268556 2.166438 2.551389 3.363434 4.483336 5.772339 7.107186 8.398121 9.590843 10.65963 11.59812 12.4114 13.11026 13.70765 14.21661 14.64927 15.0164 15.32731 15.5899 15.6298 15.59495 15.49211 15.37844 15.26075 15.1392 15.01381 14.88448 14.75102 14.61314 14.47044 14.32248 14.16875 14.00869
16.08193 16.0626 16.04601 15.97325 15.88735 15.79998 15.71008 15.61646 15.51777 15.41242 15.29854 15.17396 15.03615 14.88217 14.70865 14.51187 14.28788 14.03296 13.74426 13.42115 13.06721 12.69291 12.31864 11.97631 11.7074 11.555 10.94981 9.941744 8.816254 7.588016 6.294483 5.004405 3.821811 2.87817 2.306952 2.204195 2.59269 3.411873 4.540642 5.83812 7.179518 8.474415 9.668539 10.73657 11.67271 12.48254 13.17727 13.77018 14.27453 14.7026 15.06525 15.37185 15.63031 15.60883 15.51824 15.41232 15.30179 15.18684 15.06754 14.94386 14.81562 14.68256 14.54432 14.40043 14.25034 14.09342 13.929
