tethysapp/magdalena_cauca_data_viewer/public/raster/t_min.asc
ncols         279
nrows         518
xllcorner     -77.443335897482
yllcorner     1.1863645913819
cellsize      0.020005794964035
NODATA_value  -9999
[rows 450 to 479 of 518, columns 67 to 133 of 279]
9.930703 10.55611 11.06951 11.49254 11.84227 12.13283 12.37697 12.5872 12.77645 12.95793 13.0863 13.17505 13.27612 13.39068 13.51794 13.65582 13.80183 13.95375 14.11006 14.24665 14.33222 14.41628 14.49717 14.57275 14.64316 14.71332 14.72881 14.70274 14.68147 14.66854 14.65169 14.38842 13.98561 13.48498 12.95175 12.40875 11.90253 11.50118 11.27141 11.19399 11.44755 11.77855 12.18481 12.60892 -9999 13.38255 13.70765 13.9901 -9999 -9999 -9999 -9999 -9999 -9999 -9999 -9999 -9999 -9999 -9999 -9999 -9999 -9999 -9999 -9999 -9999 -9999 -9999
9.821558 10.44951 10.9619 11.38034 11.72133 11.99831 12.22367 12.41047 12.57345 12.72886 12.89275 13.00805 13.10683 13.22366 13.35643 13.50139 13.65446 13.81216 13.97212 14.12839 14.20871 14.28483 14.34927 14.40874 14.46548 14.5227 14.58594 14.57636 14.56044 14.55206 14.46763 14.21384 13.78321 13.31513 12.81619 12.30814 11.8347 11.45951 11.15708 11.10605 11.41198 11.72539 12.11193 -9999 -9999 13.26613 13.58418 -9999 -9999 -9999 -9999 -9999 -9999 -9999 -9999 -9999 -9999 -9999 -9999 -9999 -9999 -9999 -9999 -9999 -9999 -9999 -9999
9.778009 10.39035 10.88944 11.29476 11.62053 11.87807 12.07827 12.23402 12.36199 12.48259 12.61738 12.78411 12.92787 13.04869 13.1893 13.34358 13.50538 13.66975 13.83343 13.99479 14.06046 14.11103 14.15954 14.20574 14.25052 14.29629 14.34649 14.40426 14.44345 14.43641 14.2894 14.00413 13.61903 13.20391 12.76543 12.32284 11.91324 11.58955 11.40548 11.39176 11.54053 11.81119 -9999 -9999 -9999 -9999 -9999 -9999 -9999 -9999 -9999 -9999 -9999 -9999 -9999 -9999 -9999 -9999 -9999 -9999 -9999 -9999 -9999 -9999 -9999 -9999 -9999
9.792735 10.37292 10.84791 11.23306 11.53866 11.77239 11.94223 12.05988 12.1438 12.22002 12.31825 12.46347 12.66726 12.86941 13.02068 13.18667 13.35876 13.5304 13.69749 13.84742 13.88528 13.92123 13.95506 13.98694 14.01783 14.04964 14.08484 14.1254 14.17132 14.21881 14.11128 13.80618 13.47522 13.12519 12.76232 12.40217 12.07309 11.81445 11.66592 11.65102 11.76604 11.98304 -9999 -9999 -9999 -9999 -9999 -9999 -9999 -9999 -9999 -9999 -9999 -9999 -9999 -9999 -9999 -9999 -9999 -9999 -9999 -9999 -9999 -9999 -9999 -9999 -9999
9.852109 10.3874 10.83034 11.19068 11.47347 11.68138 11.81804 11.89257 11.92475 11.94754 12.00214 12.12408 12.3281 12.60397 12.85754 13.03704 13.22013 13.39877 13.56823 13.68028 13.70305 13.72331 13.74103 13.7565 13.77073 13.78556 13.80334 13.82611 13.85433 13.88555 13.86774 13.60203 13.32717 13.04535 12.76165 12.48715 12.24113 12.04987 11.93996 11.92814 12.01402 12.18084 -9999 -9999 -9999 -9999 -9999 -9999 -9999 -9999 -9999 -9999 -9999 -9999 -9999 -9999 -9999 -9999 -9999 -9999 -9999 -9999 -9999 -9999 -9999 -9999 -9999
9.938437 10.42133 10.82799 11.16185 11.422 11.60526 11.70975 11.74061 11.7179 11.68222 11.6892 11.78804 11.99697 12.2975 12.65085 12.90302 13.09605 13.27995 13.44962 13.51378 13.52081 13.52423 13.52388 13.52 13.51373 13.50734 13.50395 13.50664 13.5173 13.53531 13.55668 13.37066 13.1482 12.93062 12.72119 12.52636 12.35726 12.22935 12.15879 12.15678 12.22486 12.35441 -9999 -9999 -9999 -9999 -9999 -9999 -9999 -9999 -9999 -9999 -9999 -9999 -9999 -9999 -9999 -9999 -9999 -9999 -9999 -9999 -9999 -9999 -9999 -9999 -9999
10.03262 10.46137 10.8316 11.14045 11.38103 11.54436 11.62277 11.61669 11.54525 11.45582 11.41876 11.49771 11.71372 12.03872 12.42105 12.79389 12.99317 13.17867 13.34507 13.35596 13.34728 13.33284 13.31197 13.28471 13.25253 13.2188 13.18831 13.09243 13.15696 13.16175 13.17865 13.09041 12.91271 12.75117 12.60697 12.48222 12.38133 12.31147 12.2811 12.29701 12.3614 12.47063 -9999 -9999 -9999 -9999 -9999 -9999 -9999 -9999 -9999 -9999 -9999 -9999 -9999 -9999 -9999 -9999 -9999 -9999 -9999 -9999 -9999 -9999 -9999 -9999 -9999
10.11639 10.49481 10.83246 11.12065 11.34728 11.49852 11.56211 11.5345 11.4333 11.28709 10.98291 11.22577 11.52823 11.86578 12.26208 12.66532 12.91664 13.09824 13.23246 13.21718 13.19391 13.16087 13.11628 13.05989 12.99407 12.92416 12.65654 12.41657 12.54245 12.75923 12.77113 12.74017 12.59733 12.48211 12.39358 12.32997 12.29028 12.27533 12.2878 12.3308 12.40606 12.51246 -9999 -9999 -9999 -9999 -9999 -9999 -9999 -9999 -9999 -9999 -9999 -9999 -9999 -9999 -9999 -9999 -9999 -9999 -9999 -9999 -9999 -9999 -9999 -9999 -9999
10.17381 10.51075 10.82324 11.09752 11.31744 11.4662 11.52934 11.50168 11.39963 11.14808 10.81873 11.0682 11.47564 11.80377 12.18957 12.5824 12.86845 13.03973 13.13291 13.11067 13.07574 13.02353 12.95051 12.85651 12.74593 12.62768 12.31878 12.03602 12.1784 12.3247 12.33024 12.2999 12.18104 12.10272 12.0621 12.05392 12.07243 12.11314 12.17384 12.25421 12.35462 -9999 -9999 -9999 -9999 -9999 -9999 -9999 -9999 -9999 -9999 -9999 -9999 -9999 -9999 -9999 -9999 -9999 -9999 -9999 -9999 -9999 -9999 -9999 -9999 -9999 -9999
10.1924 10.50105 10.79875 11.06743 11.2884 11.44404 11.52046 11.51348 11.43902 11.34267 11.23274 11.3565 11.55008 11.84736 12.19904 12.56092 12.84654 13.00155 13.07216 13.05178 13.01059 12.93848 12.82953 12.68533 12.51479 12.33267 12.1581 12.01176 11.91043 11.86106 11.85951 11.75101 11.64499 11.59556 11.59825 11.64426 11.72297 11.82464 11.94215 12.0715 -9999 -9999 -9999 -9999 -9999 -9999 -9999 -9999 -9999 -9999 -9999 -9999 -9999 -9999 -9999 -9999 -9999 -9999 -9999 -9999 -9999 -9999 -9999 -9999 -9999 -9999 -9999
10.16484 10.46172 10.75691 11.02888 11.25796 11.42772 11.52693 11.55412 11.52469 11.47645 11.46359 11.53436 11.70646 11.96258 12.26717 12.5856 12.84543 12.98008 12.97815 12.61622 12.62021 12.9198 12.76367 12.55233 12.30353 12.04079 11.79225 11.58781 11.45007 11.3837 11.2571 11.07754 10.97325 10.94676 10.99199 11.09596 11.24221 11.41469 11.6007 -9999 -9999 -9999 -9999 -9999 -9999 -9999 -9999 -9999 -9999 -9999 -9999 -9999 -9999 -9999 -9999 -9999 -9999 -9999 -9999 -9999 -9999 -9999 -9999 -9999 -9999 -9999 -9999
10.09232 10.39529 10.70031 10.98351 11.22591 11.41385 11.53985 11.60535 11.62482 11.62776 11.6533 11.73577 11.88975 12.10661 12.36362 12.63609 12.85813 12.92848 12.13097 11.66199 11.70104 12.20463 12.74612 12.45103 12.10855 11.7537 11.42586 11.16669 11.00392 10.7821 10.48318 10.2688 10.15544 10.14824 10.23938 10.41019 10.6363 10.89351 11.16218 -9999 -9999 -9999 -9999 -9999 -9999 -9999 -9999 -9999 -9999 -9999 -9999 -9999 -9999 -9999 -9999 -9999 -9999 -9999 -9999 -9999 -9999 -9999 -9999 -9999 -9999 -9999 -9999
9.989205 10.31346 10.63758 10.93697 11.19498 11.4017 11.55357 11.65449 11.71751 11.76494 11.82417 11.91889 12.06066 12.24643 12.463 12.69408 12.8782 12.44877 11.54096 10.98643 11.04435 11.67803 12.41293 12.12012 11.79955 11.45413 11.08546 10.72091 10.36279 9.967024 9.591483 9.324533 9.191887 9.202886 9.347268 9.598232 9.920389 -9999 -9999 -9999 -9999 -9999 -9999 -9999 -9999 -9999 -9999 -9999 -9999 -9999 -9999 -9999 -9999 -9999 -9999 -9999 -9999 -9999 -9999 -9999 -9999 -9999 -9999 -9999 -9999 -9999 -9999
9.727962 10.2377 10.58323 10.89862 11.17066 11.39345 11.5669 11.69654 11.79387 11.87572 11.96119 12.06668 12.20116 12.36456 12.54989 12.74702 12.90106 12.32472 11.4489 10.90733 10.96561 11.60038 12.08245 11.75171 11.3846 10.98273 10.55232 10.10614 9.635626 9.073986 8.599761 8.262896 8.102137 8.132689 8.340584 8.687431 9.122952 -9999 -9999 -9999 -9999 -9999 -9999 -9999 -9999 -9999 -9999 -9999 -9999 -9999 -9999 -9999 -9999 -9999 -9999 -9999 -9999 -9999 -9999 -9999 -9999 -9999 -9999 -9999 -9999 -9999 -9999
9.558921 10.19471 10.55444 10.87934 11.15973 11.39309 11.58175 11.73204 11.85392 11.96013 12.06428 12.1779 12.30791 12.45563 12.6177 12.78821 12.88822 12.53944 11.83078 11.40476 11.45625 11.96812 11.77248 11.40623 10.99416 10.53608 10.03717 9.510658 8.833776 8.142071 7.551085 6.693449 6.209587 6.215952 -9999 -9999 -9999 -9999 -9999 -9999 -9999 -9999 -9999 -9999 -9999 -9999 -9999 -9999 -9999 -9999 -9999 -9999 -9999 -9999 -9999 -9999 -9999 -9999 -9999 -9999 -9999 -9999 -9999 -9999 -9999 -9999 -9999
9.545932 10.19143 10.56515 10.88803 11.16801 11.40454 11.6011 11.76393 11.9014 12.02327 12.13938 12.25803 12.38457 12.52079 12.66542 12.76343 12.80058 12.84617 12.43107 12.14269 12.1418 11.83834 11.49185 11.09558 10.64406 10.13502 9.572129 8.923794 8.064649 7.195845 5.648791 4.459614 3.861413 3.950539 -9999 -9999 -9999 -9999 -9999 -9999 -9999 -9999 -9999 -9999 -9999 -9999 -9999 -9999 -9999 -9999 -9999 -9999 -9999 -9999 -9999 -9999 -9999 -9999 -9999 -9999 -9999 -9999 -9999 -9999 -9999 -9999 -9999
9.68504 10.28152 10.62081 10.92849 11.19828 11.43009 11.62725 11.79517 11.94061 12.07094 12.19337 12.31395 12.43681 12.56379 12.6636 12.6786 12.69536 12.66488 12.4451 12.2005 11.92471 11.6102 11.2485 10.8309 10.34971 9.80046 9.185225 8.377008 7.397658 5.624102 3.691151 2.200442 1.491552 -9999 -9999 -9999 -9999 -9999 -9999 -9999 -9999 -9999 -9999 -9999 -9999 -9999 -9999 -9999 -9999 -9999 -9999 -9999 -9999 -9999 -9999 -9999 -9999 -9999 -9999 -9999 -9999 -9999 -9999 -9999 -9999 -9999 -9999
9.950069 10.41129 10.71686 10.99835 11.2495 11.46958 11.66093 11.82766 11.97484 12.1079 12.23207 12.35175 12.47008 12.58661 12.58964 12.58895 12.58417 12.47993 12.2576 12.01103 11.73324 11.41564 11.04838 10.62097 10.12374 9.550268 8.901219 7.97638 6.652513 4.33295 2.074981 0.3281515 -1.03501 -9999 -9999 -9999 -9999 -9999 -9999 -9999 -9999 -9999 -9999 -9999 -9999 -9999 -9999 -9999 -9999 -9999 -9999 -9999 -9999 -9999 -9999 -9999 -9999 -9999 -9999 -9999 -9999 -9999 -9999 -9999 -9999 -9999 -9999
10.28295 10.57726 10.84159 11.09039 11.31729 11.52055 11.7012 11.86187 12.00601 12.13741 12.25971 12.37605 12.48873 12.52566 12.51652 12.50045 12.47616 12.30438 12.0836 11.84054 11.56779 11.25602 10.89426 10.4706 9.973794 9.395962 8.736852 7.766876 6.060804 3.604081 1.192707 -1.545105 -9999 -9999 -9999 -9999 -9999 -9999 -9999 -9999 -9999 -9999 -9999 -9999 -9999 -9999 -9999 -9999 -9999 -9999 -9999 -9999 -9999 -9999 -9999 -9999 -9999 -9999 -9999 -9999 -9999 -9999 -9999 -9999 -9999 -9999 -9999
10.53953 10.75852 10.98075 11.19507 11.39533 11.57899 11.74583 11.89708 12.03479 12.16132 12.27906 12.39007 12.48016 12.46823 12.4473 12.41721 12.33849 12.13662 11.92125 11.68701 11.42639 11.12962 10.78494 10.37942 9.900726 9.34012 8.696981 7.771263 5.977243 3.596406 1.266712 -1.518234 -9999 -9999 -9999 -9999 -9999 -9999 -9999 -9999 -9999 -9999 -9999 -9999 -9999 -9999 -9999 -9999 -9999 -9999 -9999 -9999 -9999 -9999 -9999 -9999 -9999 -9999 -9999 -9999 -9999 -9999 -9999 -9999 -9999 -9999 -9999
10.76067 10.9376 11.12129 11.30292 11.47689 11.64025 11.79185 11.93181 12.06095 12.1805 12.29177 12.39597 12.4379 12.41616 12.28749 12.30579 12.17169 11.97405 11.7673 11.54657 11.30457 11.03141 10.71488 10.34135 9.897848 9.375222 8.772882 7.984064 6.376618 4.25378 2.202622 -9999 -9999 -9999 -9999 -9999 -9999 -9999 -9999 -9999 -9999 -9999 -9999 -9999 -9999 -9999 -9999 -9999 -9999 -9999 -9999 -9999 -9999 -9999 -9999 -9999 -9999 -9999 -9999 -9999 -9999 -9999 -9999 -9999 -9999 -9999 -9999
10.96013 11.10234 11.25318 11.40594 11.55584 11.69983 11.8362 11.96421 12.08376 12.19512 12.29874 12.39508 12.20294 11.74475 11.42307 11.39512 11.69952 11.81342 11.61744 11.41374 11.19559 10.9533 10.67442 10.34492 9.951326 9.484298 8.943303 8.341967 7.126045 5.35485 -9999 -9999 -9999 -9999 -9999 -9999 -9999 -9999 -9999 -9999 -9999 -9999 -9999 -9999 -9999 -9999 -9999 -9999 -9999 -9999 -9999 -9999 -9999 -9999 -9999 -9999 -9999 -9999 -9999 -9999 -9999 -9999 -9999 -9999 -9999 -9999 -9999
11.13061 11.24538 11.36956 11.49816 11.62723 11.75387 11.87606 11.99248 12.10231 12.20506 12.30046 12.34903 11.7507 11.11295 10.63443 10.56321 10.96581 11.63302 11.46678 11.28199 11.09109 10.88482 10.65074 10.37438 10.04179 9.643262 9.177973 8.658713 8.045956 6.644094 -9999 -9999 -9999 -9999 -9999 -9999 -9999 -9999 -9999 -9999 -9999 -9999 -9999 -9999 -9999 -9999 -9999 -9999 -9999 -9999 -9999 -9999 -9999 -9999 -9999 -9999 -9999 -9999 -9999 -9999 -9999 -9999 -9999 -9999 -9999 -9999 -9999
11.26907 11.36286 11.46621 11.57547 11.68742 11.79937 11.90916 12.01508 12.11576 12.2101 12.29722 12.19311 11.5076 10.75594 10.17317 10.07507 10.54785 11.31912 11.31077 11.14481 10.98224 10.81455 10.62934 10.4117 10.1469 9.824446 9.442603 9.012512 8.560123 7.927204 -9999 -9999 -9999 -9999 -9999 -9999 -9999 -9999 -9999 -9999 -9999 -9999 -9999 -9999 -9999 -9999 -9999 -9999 -9999 -9999 -9999 -9999 -9999 -9999 -9999 -9999 -9999 -9999 -9999 -9999 -9999 -9999 -9999 -9999 -9999 -9999 -9999
11.37487 11.45306 11.54076 11.63525 11.73388 11.83415 11.93382 12.03086 12.1235 12.21015 12.28936 12.23517 11.56202 10.82613 10.2578 10.16327 10.62051 11.3122 11.14634 10.99706 10.86143 10.73193 10.59635 10.4392 10.24462 10.00074 9.704257 9.363942 9.001643 -9999 -9999 -9999 -9999 -9999 -9999 -9999 -9999 -9999 -9999 -9999 -9999 -9999 -9999 -9999 -9999 -9999 -9999 -9999 -9999 -9999 -9999 -9999 -9999 -9999 -9999 -9999 -9999 -9999 -9999 -9999 -9999 -9999 -9999 -9999 -9999 -9999 -9999
11.42912 11.51541 11.59198 11.67596 11.76503 11.85681 11.94892 12.03911 12.12524 12.2053 12.27569 12.29187 11.90342 11.30193 10.85358 10.78398 11.13994 11.13489 10.97327 10.83674 10.72431 10.62978 10.54132 10.44275 10.31681 10.14977 9.936166 9.681906 9.404621 -9999 -9999 -9999 -9999 -9999 -9999 -9999 -9999 -9999 -9999 -9999 -9999 -9999 -9999 -9999 -9999 -9999 -9999 -9999 -9999 -9999 -9999 -9999 -9999 -9999 -9999 -9999 -9999 -9999 -9999 -9999 -9999 -9999 -9999 -9999 -9999 -9999 -9999
11.09 11.54982 11.61923 11.69669 11.77995 11.86654 11.95393 12.03958 12.12104 12.19594 12.23461 12.24579 12.04202 11.8107 11.58048 11.35691 11.1467 10.9572 10.7558 10.59434 10.48565 10.42966 10.41727 10.41497 10.35274 10.25752 10.12132 9.946929 -9999 -9999 -9999 -9999 -9999 -9999 -9999 -9999 -9999 -9999 -9999 -9999 -9999 -9999 -9999 -9999 -9999 -9999 -9999 -9999 -9999 -9999 -9999 -9999 -9999 -9999 -9999 -9999 -9999 -9999 -9999 -9999 -9999 -9999 -9999 -9999 -9999 -9999 -9999
10.81147 11.55621 11.62218 11.69702 11.77826 11.86312 11.94878 12.03241 12.11129 12.16846 12.19429 12.16331 11.92518 11.68295 11.44117 11.20599 10.95274 10.69009 10.46719 10.29782 10.1923 10.15366 10.17471 10.23754 10.31683 10.32059 10.25425 -9999 -9999 -9999 -9999 -9999 -9999 -9999 -9999 -9999 -9999 -9999 -9999 -9999 -9999 -9999 -9999 -9999 -9999 -9999 -9999 -9999 -9999 -9999 -9999 -9999 -9999 -9999 -9999 -9999 -9999 -9999 -9999 -9999 -9999 -9999 -9999 -9999 -9999 -9999 -9999
10.65595 11.48889 11.60059 11.67686 11.76005 11.84682 11.93391 12.0182 12.08661 12.13027 12.15563 12.07222 11.8255 11.57361 11.3213 11.04009 10.73209 10.45041 10.21134 9.894307 9.221947 8.9932 9.189655 9.696861 10.17464 10.30711 -9999 -9999 -9999 -9999 -9999 -9999 -9999 -9999 -9999 -9999 -9999 -9999 -9999 -9999 -9999 -9999 -9999 -9999 -9999 -9999 -9999 -9999 -9999 -9999 -9999 -9999 -9999 -9999 -9999 -9999 -9999 -9999 -9999 -9999 -9999 -9999 -9999 -9999 -9999 -9999 -9999
10.6935 11.41804 11.50649 11.60549 11.70811 11.80811 11.90033 11.98065 12.04576 12.09292 12.11972 12.00002 11.74694 11.48779 11.2167 10.8819 10.55864 10.26188 10.00944 8.874274 8.02727 7.796328 8.113805 8.794475 9.644012 -9999 -9999 -9999 -9999 -9999 -9999 -9999 -9999 -9999 -9999 -9999 -9999 -9999 -9999 -9999 -9999 -9999 -9999 -9999 -9999 -9999 -9999 -9999 -9999 -9999 -9999 -9999 -9999 -9999 -9999 -9999 -9999 -9999 -9999 -9999 -9999 -9999 -9999 -9999 -9999 -9999 -9999
