tethysapp/magdalena_cauca_data_viewer/public/raster/t_min.asc
ncols         279
nrows         518
xllcorner     -77.443335897482
yllcorner     1.1863645913819
cellsize      0.020005794964035
NODATA_value  -9999
[rows 330 to 359 of 518, columns 67 to 133 of 279]
16.00046 16.07153 16.10901 16.08242 16.05227 16.01875 15.98217 15.94282 15.90102 15.85708 15.81131 15.76398 15.71532 15.66554 15.6148 15.56325 15.51099 15.45813 15.40475 15.35092 15.29671 15.21856 14.73683 14.31156 14.46345 14.15271 13.86507 13.57971 13.27978 12.95712 12.60044 11.85657 10.49186 8.922417 7.207878 5.537341 4.232884 3.626971 3.84549 4.713073 5.895871 7.103831 8.174972 9.054739 9.748265 10.14941 10.11866 10.03926 9.978491 9.991179 10.10199 10.29999 10.5513 10.81837 11.0352 11.15786 11.25081 11.30432 10.67974 10.38167 10.59011 11.1948 11.05649 10.91447 10.76968 10.6228 10.38513
16.11692 16.1963 16.22847 16.20127 16.16986 16.13454 16.09565 16.05358 16.00873 15.9615 15.91225 15.86131 15.80896 15.75542 15.70089 15.6455 15.58937 15.5326 15.47527 15.41746 15.35923 15.08569 14.39309 13.91308 14.32283 14.14358 13.87409 13.59527 13.26894 12.88207 12.42923 11.70963 10.40598 8.694526 6.763194 4.831455 3.303197 2.13653 2.870885 3.995678 5.395411 6.774639 7.958581 8.902603 9.626741 10.17325 10.38782 10.39639 10.40201 10.44275 10.53759 10.6849 10.86841 11.02288 11.13126 11.22249 11.29072 11.3328 11.34742 10.74275 10.2935 10.54346 11.01538 10.87141 10.72491 10.56613 10.32201
16.15912 16.28114 16.32585 16.33157 16.29866 16.26115 16.21951 16.17422 16.12581 16.07477 16.02156 15.96657 15.91012 15.85246 15.7938 15.73427 15.67399 15.61305 15.55152 15.48946 15.39548 15.00862 14.62131 14.44621 14.39399 14.10272 13.88249 13.63863 13.29732 12.84768 12.30267 11.53362 10.55041 8.817128 6.826971 4.81498 3.215101 1.821593 2.573539 3.941591 5.381886 6.782343 7.967126 8.896408 9.596052 10.11366 10.49818 10.66143 10.70658 10.76558 10.85359 10.95117 11.03864 11.12865 11.21257 11.28285 11.33387 10.90604 9.355467 7.687895 6.825833 7.548383 9.378448 10.8328 10.68479 10.51379 10.26368
16.18415 16.30851 16.35154 16.41043 16.44027 16.40009 16.35509 16.30594 16.25331 16.19783 16.14006 16.08048 16.01945 15.95727 15.89411 15.83013 15.7654 15.7 15.63398 15.5674 15.39735 15.05429 14.78054 14.69835 14.2956 14.02616 13.89096 13.71136 13.35921 12.84046 12.20036 11.38283 10.40616 9.256374 7.436738 5.568756 4.089667 3.404289 3.655532 4.616374 5.885332 7.134753 8.196833 9.026827 9.644028 10.09207 10.41896 10.66821 10.85578 10.91181 10.97408 11.04564 11.12391 11.203 11.27587 11.33589 11.37172 9.814309 7.53989 4.900328 3.417361 4.628116 7.635108 10.66359 10.6493 10.46635 10.21079
16.30537 16.33417 16.37291 16.42605 16.49994 16.55309 16.50396 16.4501 16.3924 16.33167 16.26861 16.2038 16.13766 16.07049 16.00245 15.93367 15.86419 15.79404 15.72324 15.65183 15.42374 15.15019 14.85542 14.70756 14.20027 13.94561 13.69108 13.68615 13.26426 12.78312 12.00596 11.03384 9.90742 8.721 7.664762 6.787623 5.606199 4.995 5.110788 5.795663 6.757463 7.737761 8.586842 9.251793 9.73845 10.08076 10.32265 10.50771 10.67262 10.84278 11.00276 11.07921 11.16231 11.24506 11.31996 11.38042 11.09863 9.383329 6.839167 3.807483 2.025956 3.449859 7.104101 10.76892 10.61836 10.42441 10.16399
16.33559 16.3598 16.39207 16.43609 16.49689 16.58119 16.66248 16.60822 16.54435 16.47735 16.40812 16.33733 16.26546 16.1928 16.11949 16.04558 15.97103 15.89583 15.81995 15.70921 15.40604 15.15477 14.91226 14.70483 14.19974 13.87643 13.54628 13.57677 13.10923 12.56718 11.69408 10.57538 9.161896 7.728232 6.63314 6.150323 6.203662 6.529408 6.726821 7.131618 7.765773 8.444512 9.044532 9.509842 9.834214 10.04205 10.17408 10.27619 10.38927 10.54057 10.73952 10.97945 11.15215 11.25431 11.34495 11.41677 10.39451 7.540446 3.826456 4.598311 3.86634 5.131913 8.402004 10.74361 10.59189 9.366332 7.66901
16.32492 16.3879 16.41224 16.44498 16.48971 16.5506 16.63174 16.69837 16.67739 16.63601 16.5595 16.48186 16.40358 16.32492 16.24594 16.14884 16.00944 15.88624 15.77986 15.67784 15.39059 15.14748 14.91947 14.71111 14.31658 14.02044 13.6519 13.02661 12.67492 12.30931 11.3699 10.04205 8.184251 6.18781 4.620579 4.276077 5.127665 6.306851 7.335461 8.208275 8.719118 9.124712 9.482819 9.740678 9.885278 9.935428 9.933121 9.932507 9.984698 10.12188 10.34865 10.64545 10.98068 11.23098 11.35239 11.44682 9.779502 6.534928 2.275464 1.674727 7.196706 8.26056 10.77395 10.72267 9.773123 6.104709 3.986305
16.29776 16.38942 16.43727 16.45793 16.4858 16.52319 16.57152 16.62961 16.69079 16.68428 16.66437 16.63814 16.53919 16.36254 16.19661 16.06773 15.9524 15.84045 15.7376 15.64651 15.37852 15.14519 14.94053 14.72743 14.46197 13.98195 13.26725 12.42823 11.63836 12.12144 11.14275 9.530758 7.29681 4.639612 2.35672 1.988077 3.661034 5.732685 7.31302 8.418674 9.213699 9.196892 9.10055 9.269698 9.430557 9.581734 9.203609 8.720074 8.806869 9.53226 9.485599 9.725787 10.25363 10.94988 11.3466 11.47475 10.20039 7.924944 5.72869 5.858084 9.059007 11.01022 10.8592 10.70605 7.742321 3.525713 0.9920464
16.26678 16.34721 16.40089 16.46019 16.49185 16.50788 16.52847 16.55175 16.57238 16.58082 16.53102 16.46065 16.34535 16.19639 16.09152 15.99617 15.88213 15.79697 15.72691 15.61851 15.37027 15.14701 14.95112 14.74924 14.42187 13.90984 13.1908 12.35018 11.58261 12.07544 11.05283 9.327238 7.026069 4.218628 1.764888 1.385265 3.270712 5.632844 7.434208 8.641849 8.712374 7.982639 7.640932 7.914699 8.60859 8.924946 7.742466 6.674063 6.67162 7.731898 7.952658 8.239969 9.010126 10.00064 10.99885 11.50789 11.21133 9.970545 9.048141 9.326863 10.91736 11.00089 10.84827 10.69372 7.283654 3.370326 0.9681971
16.23489 16.30529 16.34469 16.38638 16.42836 16.46741 16.49901 16.43942 16.44184 16.40343 16.33658 16.28724 16.19998 16.08271 15.98749 15.9373 15.84051 15.76855 15.70746 15.59639 15.36657 15.15319 14.9567 14.77537 14.46803 14.01356 13.44095 12.86202 12.56958 12.17962 11.07624 9.537483 7.562438 5.291402 3.433227 3.12356 4.477515 6.35009 7.907831 8.94587 7.604553 6.256647 5.516563 6.015033 7.339759 7.816884 6.378993 4.13989 3.689635 5.876467 6.005919 6.399812 7.604864 9.023447 10.33697 11.45047 11.70137 11.56583 11.27839 11.29453 11.14714 10.99581 10.84161 10.68567 8.222454 5.424778 3.740216
16.31153 16.36648 16.3938 16.41855 16.44167 16.46062 16.47217 16.41242 16.39998 16.35402 16.23862 16.20005 16.12094 16.038 15.96182 15.86909 15.80365 15.73883 15.68606 15.58209 15.36861 15.16492 14.97025 14.78138 14.54938 14.22577 13.81705 13.43899 13.03842 12.29551 11.30071 10.05726 8.575961 7.026769 5.862073 5.629736 6.372435 7.547897 8.648093 8.440186 6.573851 4.365468 3.007252 3.820568 6.140059 6.742738 5.050753 2.986555 1.556536 3.601304 3.490655 4.35356 6.292458 8.212547 9.826911 11.11749 11.71377 11.58133 11.44223 11.29747 11.14805 10.99496 10.83922 10.68191 9.753595 8.072543 7.119207
16.28605 16.33434 16.34952 16.36651 16.37838 16.38577 16.38642 16.31657 16.29868 16.25221 16.19174 16.16077 16.04803 15.9803 15.919 15.84178 15.78929 15.73577 15.69186 15.57417 15.37758 15.18348 14.99326 14.80343 14.59672 14.39083 14.03888 13.65668 13.13263 12.4587 11.65004 10.7033 9.662211 8.664255 7.95582 7.772929 8.1264 8.779902 9.463368 8.324959 6.252583 3.675395 2.069625 2.999707 5.709496 6.02332 3.980475 2.152788 1.308427 2.016224 1.15146 3.122937 5.659641 7.853885 9.606805 10.97211 11.72919 11.59342 11.45155 11.30448 11.1531 10.99833 10.84111 10.68245 10.52342 10.32801 9.879364
16.34981 16.39231 16.39787 16.40195 16.4033 16.40046 16.33973 16.31309 16.26055 16.21337 16.16508 16.1297 16.07685 16.0147 15.95927 15.89106 15.84726 15.76023 15.682 15.52761 15.36788 15.19861 15.02286 14.84039 14.64741 14.43923 14.13581 13.73904 13.24977 12.68702 12.04693 11.34258 10.61914 9.967639 9.513885 9.358663 9.502 9.837317 10.16189 8.751584 6.942173 4.890372 3.679844 4.440583 6.554186 5.910953 3.834377 1.987416 1.134712 1.832539 3.31213 4.159868 6.16608 8.115938 9.74797 11.04802 11.74823 11.60926 11.46476 11.3155 11.16228 11.00592 10.8473 10.68733 10.52701 10.3471 10.07637
16.33372 16.35698 16.37225 16.37084 16.36688 16.30504 16.29375 16.23474 16.2129 16.16877 16.11634 16.09576 16.0484 15.99168 15.94006 15.87908 15.84221 15.76968 15.63061 15.48884 15.34491 15.1994 15.04916 14.83956 14.60964 14.35713 14.07352 13.75192 13.38866 12.94272 12.43975 11.91453 11.40205 10.95722 10.64337 10.50455 10.53765 10.69067 10.69609 9.579639 8.268021 7.024583 6.385495 6.828023 7.840702 6.436985 4.64163 3.108913 2.440914 3.046493 4.740616 6.254665 7.42637 8.862403 10.19739 11.32326 11.7707 11.62875 11.48178 11.33048 11.17554 11.01772 10.85779 10.6966 10.53503 10.37408 10.10711
16.32172 16.34195 16.33832 16.28372 16.2844 16.27534 16.26281 16.20426 16.18465 16.14514 16.0989 16.07564 16.03271 15.984 15.92868 15.41535 14.9195 15.05146 15.593 15.46263 15.33004 15.19614 14.99535 14.78061 14.5553 14.31432 14.05318 13.76897 13.46147 13.13421 12.79577 12.40371 12.02858 11.70841 11.47505 11.34806 11.32374 11.37445 11.3512 10.54904 9.691237 8.959212 8.621893 8.657241 8.742284 7.404441 6.035441 4.938284 4.507565 4.986238 6.253119 7.921958 8.813937 9.811874 10.82529 11.73573 11.79648 11.65176 11.50253 11.34936 11.19287 11.03372 10.87261 10.71029 10.54757 10.38532 10.14768
16.31373 16.33183 16.259 16.25968 16.24999 16.25629 16.20568 16.18804 16.17242 16.13928 16.10083 16.0842 16.04528 15.98833 15.29387 13.85188 12.84532 13.10431 14.36758 15.4472 15.32428 15.16051 14.95431 14.74354 14.52529 14.2968 14.05613 13.80279 13.53847 13.26762 12.9979 12.74034 12.50883 12.28742 12.10423 11.9881 11.93555 11.93084 11.94986 11.42835 10.80861 10.29034 9.958297 9.828003 9.55291 8.54771 7.584048 6.865844 6.623642 6.985049 7.877933 9.078668 10.07149 10.7672 11.51159 11.96814 11.82543 11.67821 11.52693 11.37209 11.21422 11.05391 10.89176 10.72846 10.56471 10.40128 10.198
16.2951 16.25806 16.25077 16.24974 16.1998 16.1902 16.18213 16.18322 16.17323 16.14845 16.1204 16.11396 16.08316 16.02593 14.66954 12.45455 10.61067 11.06856 13.2999 15.34871 15.32614 15.13113 14.92834 14.72222 14.51107 14.29359 14.06936 13.83928 13.606 13.37419 13.15048 12.94313 12.76108 12.61249 12.50281 12.43282 12.39732 12.38545 12.37856 12.06716 11.60675 11.22115 10.94524 10.78047 10.39497 9.669995 9.018491 8.567992 8.445775 8.715154 9.334122 10.17773 11.10264 11.64498 12.14403 12.00288 11.85744 11.708 11.55492 11.39863 11.23957 11.07827 10.91526 10.75114 10.58652 10.42209 10.25794
16.27993 16.29144 16.28106 16.27095 16.26116 16.25182 16.24313 16.20688 16.20224 16.18603 16.16981 16.14667 16.08128 16.00832 14.95276 12.46344 10.10723 10.69173 13.37547 15.44379 15.31227 15.11372 14.91404 14.71198 14.50651 14.29714 14.08422 13.86933 13.65555 13.44759 13.25159 13.07452 12.92311 12.80258 12.71525 12.65977 12.63091 12.62015 12.61699 12.6037 12.25481 11.96204 11.74103 11.59144 11.18783 10.6734 10.23814 9.958839 9.904486 10.10583 10.5379 11.13044 11.79788 12.32445 12.18432 12.04026 11.89243 11.74106 11.58644 11.42891 11.26888 11.10678 10.94309 10.77833 10.61305 10.44782 10.28323
16.28267 16.2931 16.28156 16.27093 16.2615 16.25365 16.24795 16.20423 16.21966 16.21527 16.1705 16.11604 16.05457 15.98629 15.91147 14.76021 13.157 13.39044 15.04855 15.45434 14.81176 13.07781 12.52922 13.02539 13.97806 14.30269 14.09544 13.88751 13.68202 13.48374 13.29901 13.13522 12.99958 12.89737 12.83015 12.79502 12.78521 12.79175 12.80531 12.81752 12.78438 12.56913 12.40757 12.29251 11.89517 11.52966 11.23681 11.06223 11.04341 11.19512 11.50191 11.92311 12.40711 12.36991 12.22675 12.08019 11.93033 11.77732 11.62141 11.46289 11.30209 11.13939 10.97522 10.81003 10.64429 10.4785 10.31318
16.28844 16.29786 16.28523 16.27415 16.26509 16.2587 16.25588 16.21706 16.22832 16.19748 16.15219 16.10061 16.04268 15.97847 15.90811 15.83181 15.7346 15.62663 15.51221 15.39143 11.94213 9.226797 8.942481 10.48868 12.41306 13.98215 14.10054 13.89137 13.68296 13.47996 13.28946 13.12106 12.98567 12.89248 12.84495 12.83842 12.86178 12.90187 12.94753 12.99119 13.02882 13.05921 12.97762 12.80764 12.5087 12.24551 12.04458 11.93302 11.93143 12.0468 12.26909 12.57385 12.55979 12.417 12.27129 12.12262 11.97106 11.81672 11.65979 11.5005 11.33915 11.17607 11.01162 10.84621 10.68024 10.51415 10.34839
16.29695 16.30524 16.29141 16.27969 16.27073 16.26539 16.26484 16.22984 16.22809 16.19066 16.14768 16.09893 16.04429 15.97 15.88324 15.78928 15.68817 15.57994 15.46456 14.04717 8.633516 4.455965 4.867018 8.023912 11.09124 13.26704 14.09965 13.88146 13.65898 13.43589 13.21987 13.02429 12.86816 12.77119 12.74377 12.77887 12.85513 12.94878 13.04304 13.13009 13.20867 13.2812 13.35173 13.26248 13.03419 12.84061 12.69883 12.62513 12.63101 12.65014 12.66974 12.74813 12.61102 12.4657 12.31788 12.1675 12.01458 11.85919 11.7015 11.54169 11.38001 11.21676 11.05224 10.88681 10.72084 10.55472 10.38881
16.24608 16.24808 16.24831 16.24635 16.24178 16.23415 16.22302 16.20799 16.18867 16.16475 16.13595 16.09319 16.02095 15.9416 15.85496 15.76089 15.65929 15.55003 15.43291 13.77025 7.402506 2.439066 3.266312 7.181421 10.69167 13.06902 14.09554 13.85699 13.58554 13.29159 12.98694 12.69747 12.46539 12.33815 12.33971 12.49948 12.75553 12.93225 13.09383 13.23559 13.36096 13.47769 13.59425 13.57753 13.38903 13.20233 13.02129 12.853 12.71039 12.61394 12.58788 12.64816 12.66338 12.51603 12.36652 12.21479 12.06083 11.90469 11.74649 11.58639 11.4246 11.26138 11.097 10.93177 10.76603 10.60011 10.43437
16.18801 16.1864 16.1833 16.1784 16.17138 16.16188 16.14958 16.13414 16.11525 16.09261 16.06598 16.03513 15.9999 15.93237 15.8455 15.75086 15.64822 15.53732 15.41785 15.12951 9.972382 5.964246 6.087354 8.758083 11.48087 13.45847 14.00694 13.72985 13.41531 13.06261 12.68138 12.27391 11.84964 11.51197 11.49465 11.77678 12.24206 12.76007 13.10905 13.31377 13.48837 13.64832 13.80797 13.72589 13.5202 13.30041 13.06527 12.81944 12.58147 12.39145 12.0383 11.67749 11.86829 12.37794 12.4172 12.26447 12.10978 11.95315 11.79469 11.63453 11.47284 11.30985 11.14581 10.981 10.8157 10.65024 10.48491
16.13416 16.12946 16.12359 16.11634 16.10747 16.09674 16.08386 16.06857 16.0506 16.02965 16.00546 15.97776 15.94632 15.91094 15.85513 15.75958 15.65542 15.54236 15.42004 15.28794 13.78604 11.1021 10.48629 11.5065 12.99452 14.20074 13.93743 13.63378 13.28138 12.87463 12.41845 11.8001 11.10879 10.38396 10.27796 11.10585 11.73828 12.42207 13.04393 13.37643 13.59637 13.7879 13.97967 13.85725 13.62694 13.36249 13.05456 12.70121 12.32434 11.9919 10.4527 9.897063 10.46504 11.46567 12.4516 12.31651 12.16138 12.00453 11.84605 11.68604 11.52466 11.3621 11.19859 11.03438 10.86973 10.70494 10.5403
16.08396 16.07658 16.06839 16.05929 16.0491 16.03766 16.02476 16.01016 15.99359 15.97476 15.95335 15.92904 15.90149 15.87041 15.83554 15.78771 15.68162 15.56589 15.44022 15.30417 15.15696 14.87465 13.97942 14.02878 14.41851 14.17792 13.9022 13.58161 13.20512 12.76327 12.24246 11.45245 10.26324 8.5745 8.642758 10.06707 11.41539 12.21429 12.93431 13.43061 13.66176 13.87511 14.10119 13.98706 13.73227 13.42225 13.03689 12.5623 12.01689 11.31776 7.487873 7.045799 8.598903 10.43668 11.94088 12.37088 12.2156 12.05878 11.90051 11.74085 11.57997 11.41803 11.25522 11.0918 10.92799 10.76408 10.60033
16.03682 16.02706 16.01691 16.00635 15.9953 15.98365 15.97125 15.95788 15.94327 15.92707 15.90888 15.88827 15.86482 15.83809 15.80774 15.77349 15.72778 15.60876 15.47914 15.33867 15.18681 15.02243 14.84369 14.64769 14.43029 14.18567 13.79907 13.16214 12.65957 12.28112 11.92837 11.40024 9.969268 8.334134 8.425698 9.900046 11.38418 12.20772 12.95567 13.46725 13.71214 13.94062 14.18463 14.13096 13.86072 13.51856 13.07473 12.50278 11.81307 9.606116 3.373094 3.962747 6.986727 9.70549 11.65732 12.42758 12.2724 12.11585 11.95799 11.7989 11.63869 11.47754 11.31561 11.15313 10.99034 10.82748 10.66482
15.99209 15.98016 15.96831 15.95661 15.94509 15.9337 15.92235 15.91082 15.8988 15.88586 15.87148 15.85507 15.83602 15.81379 15.78789 15.75799 15.72388 15.67202 15.53756 15.39195 15.23504 15.06612 14.88368 14.68522 14.46706 14.00959 13.13113 12.36804 11.82271 11.55588 11.4808 11.36273 10.91169 9.692916 9.702453 10.76323 11.66406 12.41819 13.12008 13.5177 13.75443 13.98099 14.22462 14.29816 14.03284 13.68543 13.22627 12.62484 11.88954 8.904381 3.124961 3.819806 6.973336 9.796071 11.81301 12.48659 12.33176 12.1757 12.01846 11.8601 11.70075 11.54054 11.37965 11.21827 11.05663 10.89497 10.73357
15.94911 15.93509 15.9217 15.90911 15.89746 15.88681 15.8771 15.86812 15.85951 15.85068 15.84093 15.8294 15.81526 15.79773 15.77622 15.75035 15.71998 15.68511 15.61624 15.46431 15.30157 15.12788 14.9423 14.74295 14.35168 13.42313 12.33249 11.32815 10.62079 10.42275 10.70189 11.10651 11.31547 11.28814 11.29207 11.62549 12.1735 12.7993 13.30725 13.56971 13.78126 13.99257 14.22243 14.35876 14.2049 13.93994 13.51872 12.97274 12.31803 10.25962 7.007356 6.871595 8.711064 10.78208 12.4438 12.5479 12.39364 12.23828 12.08184 11.9244 11.75234 11.34543 10.97084 10.67555 10.50944 10.50772 10.67398
15.90714 15.89103 15.87614 15.86282 15.85134 15.8419 15.83451 15.82899 15.82485 15.82132 15.81736 15.81176 15.80325 15.79076 15.77353 15.7512 15.7238 15.69159 15.65496 15.5558 15.38585 15.20663 15.01788 14.69628 14.08878 12.86675 11.5131 10.15007 9.116557 8.883446 9.544067 10.5411 11.31191 11.78649 12.15267 12.38604 12.7807 13.11138 13.42299 13.60233 13.77987 13.96949 14.18156 14.41737 14.2641 14.11247 13.93823 13.51033 13.01648 11.89003 10.37213 10.11946 10.97357 12.21799 12.76399 12.61151 12.45803 12.30356 12.1481 11.72225 11.18399 10.61969 10.07622 9.627285 9.361074 9.34696 9.596916
15.86544 15.84706 15.83059 15.81658 15.80552 15.79778 15.79352 15.54233 15.33691 15.79783 15.80141 15.80326 15.80151 15.79454 15.78137 15.76175 15.73608 15.70518 15.66991 15.60996 15.48683 15.30067 15.10806 14.6509 13.81192 12.48543 10.924 9.237654 7.753669 7.395504 8.502195 9.979235 11.19051 11.99205 12.55652 12.89613 13.08131 13.29902 13.4666 13.59052 13.73189 13.90025 14.09992 14.3275 14.32209 14.1713 14.02163 13.87273 13.72428 13.35665 12.68699 12.55613 12.96872 12.97968 12.82898 12.6774 12.52491 12.3715 11.88412 11.27025 10.56831 9.798102 9.017172 8.335379 7.904426 7.858631 8.229774
