tethysapp/magdalena_cauca_data_viewer/public/raster/temp.asc
ncols         279
nrows         512
xllcorner     -77.443335897482
yllcorner     1.3064112990023
cellsize      0.020005794964035
NODATA_value  -9999
[rows 120 to 149 of 512, columns 134 to 200 of 279]
26.94468 26.92775 26.91454 26.90539 26.90105 26.90232 26.91017 26.92236 26.93865 26.95799 26.97958 27.00152 27.02267 27.04195 27.0595 27.07353 27.0851 27.09457 27.10368 27.11091 27.11752 27.12321 27.1276 27.13013 27.13047 27.1284 27.12513 27.12111 27.11794 27.11777 27.12243 27.1339 27.15348 27.18373 27.22395 27.27196 27.32226 27.36825 27.39903 27.40637 27.38565 27.33882 27.27123 27.19468 27.11665 27.0431 26.97886 26.92575 26.88384 26.85287 26.83141 26.8179 26.81004 26.80472 26.8 26.793 26.78009 26.76372 26.73936 26.7103 26.67488 26.63177 26.58639 26.53553 26.48333 26.42932 26.37421
26.91393 26.90252 26.89532 26.8924 26.89484 26.90247 26.91647 26.93517 26.95779 26.98323 27.00998 27.03599 27.05954 27.07904 27.09434 27.10359 27.10807 27.10855 27.10744 27.1039 27.09986 27.09572 27.0916 27.0874 27.08307 27.07847 27.07498 27.07278 27.07337 27.07887 27.09109 27.1121 27.14405 27.18775 27.24459 27.31142 27.38164 27.44644 27.4917 27.506 27.4832 27.42624 27.34366 27.25048 27.15638 27.06948 26.99481 26.93411 26.88714 26.85328 26.83074 26.81783 26.81086 26.80725 26.80362 26.79726 26.78371 26.76513 26.73727 26.70365 26.66355 26.61558 26.56539 26.51065 26.45519 26.39857 26.34128
26.88887 26.88202 26.88006 26.88292 26.89159 26.90591 26.92705 26.95321 26.98354 27.01665 27.05056 27.08265 27.11026 27.13134 27.1451 27.14967 27.14652 27.13719 27.12492 27.10958 27.09391 27.0792 27.06596 27.05444 27.04481 27.03696 27.03232 27.03094 27.0344 27.0442 27.06267 27.09176 27.13382 27.18977 27.26122 27.34482 27.4331 27.51523 27.574 27.59468 27.56951 27.50245 27.40524 27.29624 27.18783 27.08919 27.00581 26.93935 26.88923 26.85457 26.83326 26.82322 26.82032 26.82123 26.82171 26.8181 26.80545 26.78498 26.75309 26.71363 26.66681 26.61215 26.55548 26.49504 26.4349 26.37411 26.31363
26.86911 26.86587 26.86837 26.87664 26.8915 26.91321 26.94182 26.97645 27.01604 27.05879 27.1023 27.14269 27.17667 27.201 27.21408 27.2139 27.20227 27.18166 27.15643 27.12768 27.09915 27.07276 27.04949 27.02987 27.01418 27.00229 26.99561 26.99401 26.99897 27.01183 27.03486 27.06998 27.11957 27.18457 27.26669 27.36241 27.46366 27.55829 27.62689 27.65212 27.62529 27.55076 27.44288 27.32255 27.2041 27.09754 27.00878 26.93932 26.88859 26.85553 26.83792 26.83345 26.83764 26.84601 26.85348 26.85488 26.84441 26.82216 26.78545 26.73859 26.68311 26.62004 26.5548 26.48707 26.42073 26.35487 26.29017
26.85242 26.85236 26.85881 26.87219 26.89317 26.92208 26.95942 27.00355 27.05407 27.10863 27.16439 27.21603 27.25912 27.28879 27.30227 27.29702 27.27561 27.24168 27.20122 27.15707 27.11387 27.07442 27.0401 27.01155 26.98899 26.97266 26.96254 26.95969 26.9649 26.97938 27.00489 27.04359 27.09749 27.16742 27.25481 27.35594 27.46282 27.56183 27.63398 27.66097 27.63375 27.55696 27.44574 27.32142 27.1996 27.09073 27.00097 26.93202 26.88345 26.8545 26.8434 26.84669 26.86061 26.87943 26.89661 26.90512 26.89795 26.87385 26.83121 26.77514 26.70913 26.63564 26.56068 26.48453 26.41102 26.33929 26.26982
26.83947 26.84203 26.85237 26.8703 26.89728 26.93352 26.9797 27.03431 27.09725 27.16574 27.23641 27.30254 27.35772 27.39508 27.4099 27.39918 27.36621 27.31652 27.25821 27.19633 27.13675 27.08297 27.03668 26.9985 26.96853 26.94676 26.93295 26.92792 26.93215 26.94659 26.97266 27.01224 27.0669 27.13701 27.22363 27.32268 27.42618 27.52111 27.58973 27.61514 27.58915 27.51599 27.40956 27.29025 27.17294 27.06816 26.98232 26.91757 26.87396 26.85123 26.84804 26.86118 26.88668 26.91799 26.94685 26.964 26.96069 26.93439 26.88461 26.81792 26.73998 26.65503 26.56989 26.48455 26.4036 26.32572 26.25135
26.82841 26.83318 26.84686 26.86921 26.90188 26.94527 27.00032 27.0661 27.14206 27.22604 27.31383 27.39732 27.46762 27.51506 27.53223 27.51557 27.46917 27.40124 27.3227 27.2412 27.16386 27.09496 27.03618 26.988 26.95036 26.9228 26.90476 26.89678 26.89899 26.91198 26.93691 26.97471 27.0269 27.0938 27.17368 27.26437 27.35753 27.44154 27.50125 27.52273 27.49908 27.43411 27.33922 27.23203 27.12591 27.03071 26.95307 26.89564 26.85917 26.84449 26.8497 26.87336 26.91075 26.95498 26.99601 27.02209 27.02275 26.9939 26.93653 26.85893 26.76909 26.67284 26.57801 26.48389 26.39587 26.3125 26.23336
26.81859 26.82496 26.84157 26.86813 26.90565 26.95559 27.01893 27.09523 27.18432 27.2841 27.39002 27.49245 27.57981 27.63903 27.65942 27.6364 27.57531 27.48755 27.38759 27.28574 27.19062 27.10658 27.0356 26.97777 26.93258 26.89921 26.87734 26.86531 26.86471 26.8752 26.89723 26.93143 26.97863 27.03852 27.1088 27.18719 27.26605 27.33577 27.38397 27.40038 27.37995 27.32528 27.24553 27.15443 27.0636 26.98164 26.91507 26.86707 26.83893 26.83231 26.84593 26.8789 26.92666 26.9819 27.03325 27.0669 27.07072 27.03949 26.97548 26.88862 26.78889 26.68341 26.58032 26.47934 26.38559 26.29748 26.21443
26.80854 26.81661 26.8357 26.86554 26.90727 26.96264 27.03297 27.11823 27.21887 27.33277 27.45537 27.57581 27.68 27.75097 27.77471 27.74552 27.67007 27.56327 27.4431 27.32243 27.21109 27.11356 27.03173 26.96531 26.91334 26.87461 26.84845 26.83281 26.82895 26.8361 26.85425 26.88372 26.92419 26.97535 27.03432 27.09893 27.16248 27.2174 27.25438 27.26581 27.24863 27.20471 27.14029 27.06645 26.99227 26.925 26.87078 26.83294 26.81331 26.81407 26.83445 26.87402 26.92844 26.99028 27.04756 27.0855 27.09097 27.05825 26.99033 26.89807 26.79258 26.68161 26.57358 26.46864 26.37074 26.27944 26.19357
26.79643 26.80639 26.8272 26.85947 26.90453 26.96337 27.03896 27.13054 27.23933 27.36364 27.49869 27.63277 27.74984 27.83007 27.85639 27.82214 27.73524 27.61349 27.4776 27.34249 27.21867 27.11091 27.02044 26.94728 26.88984 26.84661 26.81638 26.79735 26.79011 26.79359 26.80725 26.83117 26.86428 26.90625 26.95406 27.00494 27.0543 27.096 27.12321 27.13079 27.11659 27.0822 27.03238 26.97449 26.91622 26.86331 26.82126 26.79334 26.78201 26.78818 26.81308 26.85551 26.91176 26.9745 27.032 27.06983 27.07511 27.04231 26.97432 26.88196 26.77611 26.66449 26.55558 26.44933 26.35006 26.25717 26.16976
26.78258 26.79391 26.8162 26.85007 26.89678 26.95749 27.03532 27.12959 27.2418 27.3705 27.51081 27.65075 27.77346 27.85748 27.88453 27.84748 27.7548 27.62562 27.482 27.33948 27.20901 27.09547 27.00001 26.92261 26.86153 26.81507 26.78188 26.75992 26.74948 26.74934 26.75858 26.77692 26.80335 26.83614 26.87344 26.913 26.95004 26.98074 27.00009 27.00484 26.99342 26.96704 26.92934 26.88568 26.84114 26.80125 26.77021 26.75103 26.7459 26.75624 26.78294 26.82446 26.87751 26.9353 26.98728 27.02062 27.02397 26.99241 26.92812 26.84072 26.73984 26.63223 26.52629 26.42212 26.32337 26.23078 26.14331
26.76885 26.78133 26.80512 26.8393 26.88616 26.94688 27.02374 27.11644 27.2264 27.3522 27.48895 27.6249 27.74366 27.82447 27.8498 27.81277 27.72144 27.59412 27.45224 27.31066 27.18038 27.06628 26.97006 26.89104 26.82843 26.78023 26.74513 26.72151 26.70779 26.70438 26.70955 26.72272 26.74271 26.76768 26.79591 26.82582 26.85312 26.87529 26.88882 26.89155 26.88249 26.86278 26.83458 26.80229 26.76954 26.74068 26.71898 26.70709 26.70677 26.71936 26.74543 26.78312 26.82943 26.87837 26.92108 26.94713 26.94734 26.91775 26.85949 26.78047 26.68814 26.58804 26.48809 26.38774 26.29246 26.20102 26.11388
26.75611 26.76958 26.79394 26.82781 26.87344 26.93164 27.00463 27.09173 27.1941 27.31019 27.43538 27.55824 27.66451 27.73583 27.75725 27.72261 27.63896 27.52185 27.39033 27.25748 27.13383 27.02437 26.931 26.85358 26.7916 26.74329 26.70745 26.68245 26.6669 26.66086 26.66278 26.67127 26.68577 26.70456 26.72557 26.74704 26.76675 26.78251 26.7919 26.79328 26.78625 26.77171 26.75113 26.72793 26.70452 26.68454 26.6704 26.66424 26.66736 26.68113 26.70452 26.73676 26.77467 26.81318 26.84529 26.86308 26.85962 26.83203 26.7803 26.71077 26.62849 26.53717 26.4447 26.35008 26.25875 26.16978 26.08416
26.74339 26.75811 26.78268 26.81585 26.85883 26.91295 26.97985 27.05801 27.14878 27.25026 27.35806 27.46202 27.55045 27.60846 27.6245 27.59342 27.52086 27.41882 27.30306 27.1841 27.07152 26.97054 26.88323 26.80967 26.75018 26.70326 26.6678 26.64243 26.62575 26.61785 26.61721 26.62206 26.63215 26.64573 26.661 26.67638 26.6904 26.7015 26.70794 26.70846 26.70314 26.69254 26.6778 26.66166 26.64565 26.6327 26.62463 26.623 26.62863 26.64254 26.66334 26.69008 26.71992 26.7487 26.77105 26.78129 26.77435 26.74834 26.7024 26.64145 26.56843 26.48589 26.40083 26.31181 26.22456 26.13854 26.05405
26.73225 26.74792 26.77268 26.80457 26.84446 26.89333 26.95247 27.01989 27.09663 27.18077 27.26851 27.35111 27.41976 27.46339 27.47311 27.44548 27.38448 27.29865 27.20046 27.09757 26.99844 26.90803 26.82866 26.76103 26.70513 26.66068 26.62661 26.60188 26.58493 26.57599 26.57357 26.57589 26.58267 26.59244 26.60384 26.61429 26.62418 26.63198 26.63621 26.63623 26.63223 26.62465 26.61438 26.60362 26.59368 26.58601 26.58286 26.58494 26.59305 26.60685 26.62564 26.64812 26.67161 26.69278 26.70758 26.71195 26.7022 26.67715 26.63544 26.58089 26.51546 26.43979 26.36075 26.27627 26.19242 26.1084 26.02516
26.7229 26.74054 26.76569 26.79631 26.83317 26.87606 26.92683 26.98275 27.04454 27.11053 27.17792 27.23936 27.28876 27.31824 27.32159 27.29641 27.24518 27.17398 27.09232 27.00501 26.91969 26.84047 26.76984 26.70893 26.65772 26.61664 26.58484 26.56148 26.54575 26.53595 26.53266 26.53347 26.53812 26.54531 26.55366 26.56094 26.56791 26.57337 26.57598 26.57565 26.57255 26.56725 26.5603 26.55366 26.54822 26.54505 26.54603 26.5515 26.562 26.57668 26.59487 26.61511 26.63494 26.65148 26.66158 26.6622 26.65052 26.62605 26.58639 26.53601 26.47511 26.40362 26.32826 26.2461 26.1644 26.08142 25.99832
26.71737 26.73789 26.76367 26.79349 26.82734 26.86465 26.90701 26.95141 26.99856 27.04716 27.09533 27.1374 27.16899 27.18538 27.18222 27.15778 27.11375 27.05416 26.98632 26.91272 26.83988 26.77127 26.70929 26.65524 26.60951 26.5721 26.54322 26.52191 26.5075 26.49837 26.49516 26.49546 26.49909 26.50477 26.51125 26.51768 26.52139 26.52516 26.5266 26.52591 26.52336 26.51964 26.51503 26.51147 26.5096 26.51015 26.51491 26.52384 26.53727 26.55418 26.57372 26.59438 26.61374 26.6291 26.63766 26.63687 26.62431 26.59957 26.5605 26.51118 26.45151 26.38096 26.30631 26.22425 26.14232 26.05883 25.97557
26.71715 26.74116 26.76921 26.7988 26.8304 26.86307 26.89733 26.93091 26.9644 26.99661 27.02718 27.05155 27.06733 27.07155 27.06193 27.03607 26.99647 26.94486 26.88753 26.82488 26.7625 26.70322 26.64915 26.60168 26.56131 26.52787 26.50251 26.48387 26.47151 26.46388 26.46168 26.46282 26.46622 26.4714 26.47701 26.4823 26.48487 26.48714 26.48758 26.48637 26.48392 26.48103 26.47809 26.47668 26.4777 26.48201 26.48993 26.50278 26.52005 26.54085 26.56413 26.5883 26.61076 26.62868 26.63908 26.63923 26.62683 26.60135 26.56075 26.50939 26.44732 26.37407 26.29676 26.21193 26.12742 26.04127 25.95588
26.72384 26.75263 26.78409 26.81509 26.84569 26.87453 26.902 26.92546 26.9461 26.96328 26.97757 26.98573 26.98679 26.97944 26.96241 26.93366 26.89556 26.84878 26.7985 26.74407 26.68985 26.63824 26.59107 26.54943 26.51431 26.48548 26.46345 26.44799 26.43839 26.43384 26.43285 26.43555 26.44005 26.4458 26.45147 26.45632 26.45946 26.45929 26.45867 26.4566 26.4537 26.4509 26.44881 26.44893 26.45221 26.45952 26.47113 26.48838 26.51076 26.53752 26.56708 26.59814 26.62762 26.65211 26.6679 26.67186 26.66036 26.63343 26.58901 26.53225 26.46379 26.38394 26.30022 26.20961 26.11978 26.02904 25.93978
26.73896 26.7743 26.81107 26.84565 26.87666 26.9031 26.92475 26.93904 26.94767 26.9505 26.94901 26.94167 26.92839 26.90929 26.88394 26.85053 26.8114 26.76661 26.72049 26.67144 26.62318 26.57752 26.53601 26.49959 26.46906 26.4448 26.42658 26.4148 26.40864 26.4073 26.4093 26.41466 26.42135 26.42872 26.43533 26.44056 26.44305 26.44184 26.4399 26.4364 26.43232 26.42881 26.42679 26.42764 26.43263 26.44265 26.45803 26.48036 26.50909 26.54364 26.58241 26.62394 26.66458 26.69992 26.72527 26.73526 26.72589 26.6965 26.64568 26.57969 26.50069 26.40999 26.31627 26.21673 26.11897 26.02259 25.92748
26.76153 26.8055 26.85006 26.89045 26.92458 26.95025 26.96734 26.97331 26.96966 26.95795 26.94063 26.91734 26.8896 26.85776 26.8229 26.78307 26.74072 26.69534 26.65112 26.60511 26.56079 26.51954 26.48238 26.45051 26.42422 26.40426 26.39041 26.3826 26.38061 26.38343 26.38953 26.39894 26.40904 26.4192 26.42766 26.43356 26.43583 26.43482 26.42959 26.42388 26.41772 26.41265 26.40944 26.41026 26.41637 26.42875 26.44804 26.47584 26.512 26.55627 26.60718 26.66271 26.71877 26.76962 26.80843 26.82755 26.82148 26.78838 26.72844 26.64906 26.55493 26.44973 26.34225 26.23052 26.12342 26.01899 25.91729
26.79699 26.85289 26.90813 26.95742 26.99741 27.02444 27.03798 27.03551 27.01919 26.99186 26.95739 26.91665 26.87292 26.82723 26.78131 26.73391 26.6859 26.63794 26.59345 26.54854 26.5065 26.46818 26.4346 26.40628 26.38414 26.36837 26.35941 26.35568 26.35858 26.36664 26.37807 26.39276 26.40783 26.42193 26.43324 26.44045 26.44246 26.43975 26.43177 26.42271 26.41314 26.40512 26.39975 26.39968 26.40601 26.42032 26.44371 26.47678 26.52107 26.57621 26.64122 26.71339 26.78851 26.85913 26.91502 26.94603 26.94369 26.90542 26.83292 26.73613 26.62305 26.49945 26.37567 26.25006 26.13158 26.01791 25.90893
26.84196 26.91321 26.9831 27.04523 27.09447 27.12563 27.13655 27.12528 27.09484 27.04946 26.9953 26.93515 26.87328 26.81201 26.75341 26.69636 26.64152 26.58943 26.54316 26.49774 26.4567 26.42023 26.3893 26.36411 26.3456 26.33391 26.32967 26.33111 26.33958 26.35391 26.373 26.3938 26.41573 26.43521 26.45054 26.45974 26.46144 26.45628 26.44567 26.43038 26.41574 26.40349 26.39463 26.39241 26.39812 26.41357 26.44011 26.47877 26.53094 26.59732 26.67719 26.76783 26.8646 26.95749 27.03366 27.07863 27.08056 27.03579 26.94808 26.83099 26.69613 26.5522 26.41059 26.27011 26.1397 26.01658 25.90013
26.89754 26.98736 27.07649 27.1559 27.21848 27.25676 27.2662 27.24519 27.19803 27.13143 27.05431 26.97163 26.88939 26.8107 26.73796 26.67002 26.60724 26.54981 26.50045 26.45372 26.4124 26.37707 26.34805 26.32547 26.31025 26.30254 26.30305 26.31065 26.32539 26.34688 26.37424 26.40379 26.43423 26.46117 26.48194 26.49367 26.49478 26.48609 26.46977 26.44769 26.42612 26.40761 26.39379 26.38815 26.39219 26.40784 26.43663 26.47983 26.53926 26.61596 26.70981 26.81828 26.93618 27.05174 27.14875 27.20802 27.21411 27.16208 27.0584 26.92028 26.76353 26.59944 26.44054 26.28615 26.1444 26.01245 25.88965
26.95957 27.07132 27.1839 27.28595 27.36659 27.41498 27.42402 27.3919 27.32477 27.23308 27.12897 27.02074 26.91601 26.81854 26.73034 26.65076 26.5799 26.51591 26.46274 26.41408 26.37182 26.33694 26.309 26.2888 26.27655 26.2727 26.27798 26.2916 26.31355 26.34372 26.38078 26.42101 26.46219 26.49881 26.52659 26.54162 26.54175 26.52813 26.50402 26.4742 26.44219 26.41557 26.39527 26.3849 26.38627 26.40093 26.43089 26.47739 26.54172 26.62643 26.73133 26.8546 26.98942 27.12395 27.23845 27.30989 27.31926 27.26093 27.1433 26.98728 26.8122 26.63153 26.45854 26.29281 26.14208 26.003 25.8746
27.02241 27.15912 27.2984 27.4274 27.53064 27.59247 27.60202 27.55721 27.46679 27.34603 27.21178 27.07578 26.94702 26.83004 26.72645 26.63503 26.55567 26.48557 26.4284 26.37711 26.33382 26.29889 26.27184 26.25341 26.24382 26.2436 26.25368 26.27348 26.30345 26.3427 26.39066 26.44401 26.49749 26.54602 26.58268 26.60183 26.60051 26.5803 26.54615 26.50481 26.46168 26.42521 26.39713 26.38103 26.37861 26.39117 26.42074 26.46834 26.5353 26.62445 26.7354 26.86679 27.01151 27.15685 27.28142 27.35972 27.37101 27.30884 27.18291 27.01635 26.83044 26.64008 26.45872 26.28606 26.12978 25.98604 25.85388
27.07837 27.23972 27.40759 27.56581 27.6946 27.77207 27.78309 27.72437 27.60862 27.45672 27.2911 27.12696 26.97486 26.83919 26.72107 26.61888 26.53158 26.45559 26.39436 26.34059 26.29627 26.26065 26.23433 26.21725 26.20994 26.2129 26.22724 26.25287 26.2905 26.33943 26.39901 26.46607 26.5346 26.59705 26.64429 26.66795 26.66462 26.63624 26.58992 26.53504 26.48043 26.43205 26.39573 26.37332 26.36647 26.37627 26.40384 26.45042 26.51692 26.60599 26.71723 26.84873 26.9938 27.13924 27.2637 27.34196 27.35308 27.29075 27.16454 26.99744 26.81091 26.61952 26.43702 26.26316 26.10531 25.96037 25.8269
27.11938 27.30273 27.49596 27.68105 27.83415 27.92722 27.93974 27.868 27.72817 27.5473 27.35327 27.16442 26.99237 26.84126 26.71142 26.60068 26.50708 26.42651 26.36196 26.30617 26.26063 26.22448 26.19839 26.18227 26.17664 26.18236 26.20048 26.23124 26.27604 26.33385 26.40502 26.48519 26.56862 26.6457 26.70407 26.73296 26.72738 26.69007 26.63075 26.56184 26.49441 26.43547 26.391 26.3626 26.35122 26.35755 26.3821 26.42562 26.48884 26.57336 26.67852 26.80205 26.93753 27.07182 27.18594 27.25676 27.26571 27.2069 27.08842 26.93116 26.75395 26.5705 26.39397 26.22451 26.06979 25.92677 25.79417
27.13651 27.33357 27.54431 27.74879 27.91931 28.02389 28.03772 27.95642 27.79877 27.59696 27.3828 27.17702 26.99164 26.8306 26.69373 26.57708 26.47951 26.39675 26.3291 26.27174 26.22507 26.18843 26.16216 26.14654 26.14201 26.1496 26.17052 26.20546 26.25545 26.3209 26.40088 26.49275 26.58866 26.67846 26.747 26.7806 26.77296 26.72748 26.65656 26.57554 26.49741 26.43097 26.37913 26.34595 26.33097 26.33367 26.35438 26.3935 26.45069 26.52709 26.62139 26.73089 26.84936 26.96491 27.06149 27.11996 27.12524 27.07227 26.9671 26.82657 26.66628 26.49732 26.33304 26.17258 26.02457 25.88591 25.75619
27.11994 27.32244 27.53832 27.74874 27.92489 28.03319 28.04727 27.96223 27.79785 27.58825 27.3669 27.15531 26.96564 26.80156 26.66263 26.54436 26.44538 26.36119 26.29278 26.23433 26.18659 26.14954 26.12284 26.10709 26.10303 26.11156 26.134 26.17137 26.22468 26.29478 26.38038 26.4794 26.58364 26.68149 26.75665 26.79316 26.78417 26.73346 26.65531 26.56701 26.48276 26.41191 26.35639 26.32066 26.30346 26.30335 26.32043 26.35423 26.4039 26.46968 26.55066 26.64274 26.74063 26.83411 26.91034 26.95461 26.95557 26.90912 26.81909 26.69834 26.55826 26.40808 26.25912 26.1109 25.97165 25.83929 25.71374
