tethysapp/magdalena_cauca_data_viewer/public/raster/temp.asc
ncols         279
nrows         512
xllcorner     -77.443335897482
yllcorner     1.3064112990023
cellsize      0.020005794964035
NODATA_value  -9999
[rows 240 to 269 of 512, columns 134 to 200 of 279]
22.37446 22.39543 22.46196 22.5813 22.75388 22.97678 23.25406 23.55783 23.82954 23.9889 23.99368 23.88634 23.74253 23.61541 23.52383 23.46671 23.43784 23.43088 23.43731 23.45679 23.48182 23.52402 23.57948 23.64827 23.73512 23.84477 23.98043 24.14698 24.34432 24.56924 24.83415 25.12075 25.40508 25.64849 25.80517 25.83817 25.75435 25.59024 25.40131 25.22912 25.08879 24.9755 24.87932 24.79103 24.70739 24.63008 24.5572 24.49171 24.42097 24.3391 24.23969 24.1149 23.97191 23.82303 23.67475 23.53559 23.42261 23.3457 23.3058 23.32021 23.37552 23.43843 23.45649 23.36775 23.16905 22.89987 22.60847
22.24416 22.28096 22.37065 22.51595 22.71413 22.96386 23.27029 23.60926 23.9152 24.09092 24.08679 23.95916 23.79866 23.66358 23.571 23.51702 23.49231 23.48742 23.49586 23.51474 23.53794 23.5773 23.62854 23.69453 23.78113 23.89211 24.03748 24.21516 24.43657 24.69797 25.01519 25.37243 25.74225 26.07146 26.28612 26.32317 26.18151 25.92808 25.6552 25.42473 25.25268 25.1176 24.99841 24.87422 24.74351 24.61173 24.48352 24.36823 24.25632 24.14532 24.03103 23.90458 23.77233 23.64113 23.51647 23.4027 23.31683 23.26648 23.2556 23.30181 23.39273 23.49267 23.53746 23.45653 23.24841 22.97171 22.68678
22.10286 22.15083 22.26663 22.43773 22.65333 22.9125 23.22037 23.55312 23.8476 24.0209 24.02828 23.9222 23.7852 23.67171 23.59713 23.55781 23.54508 23.54722 23.55707 23.57584 23.59545 23.62872 23.67229 23.73246 23.81324 23.92807 24.07181 24.25926 24.49769 24.78989 25.15498 25.58068 26.04013 26.46689 26.75478 26.80101 26.59353 26.23756 25.8766 25.59912 25.41677 25.284 25.15461 24.99814 24.81445 24.62426 24.43905 24.27474 24.12416 23.98602 23.85551 23.72442 23.59609 23.47706 23.36888 23.27302 23.20598 23.17437 23.17961 23.23919 23.3402 23.44534 23.49264 23.41725 23.2232 22.96984 22.71837
21.99985 22.05291 22.18607 22.37218 22.5936 22.84219 23.12436 23.41507 23.6692 23.82623 23.86071 23.80901 23.72869 23.66199 23.62453 23.61374 23.61931 23.63346 23.64677 23.6641 23.68047 23.70332 23.73641 23.78429 23.86022 23.96127 24.10122 24.28971 24.53622 24.84403 25.23822 25.70954 26.23285 26.73497 27.08402 27.14227 26.88329 26.44554 26.02377 25.73202 25.57385 25.4727 25.34824 25.15769 24.9174 24.66459 24.42375 24.21238 24.02481 23.86125 23.71544 23.57744 23.45028 23.33767 23.23875 23.15531 23.09951 23.0759 23.08292 23.13687 23.22064 23.30113 23.33131 23.26331 23.10578 22.90506 22.71193
21.98199 22.0336 22.16228 22.34062 22.54627 22.77029 23.01149 23.25304 23.46178 23.60531 23.66911 23.67561 23.66052 23.65237 23.66202 23.68494 23.71312 23.74124 23.761 23.77583 23.77841 23.78679 23.80163 23.83695 23.89153 23.9779 24.10564 24.28485 24.52492 24.83187 25.22795 25.70613 26.24029 26.75645 27.11884 27.18071 26.91256 26.46319 26.04483 25.78697 25.68627 25.63842 25.52896 25.30585 25.0068 24.69444 24.40145 24.15005 23.93178 23.74558 23.58652 23.44335 23.3149 23.20582 23.11315 23.03613 22.98526 22.96217 22.96375 23.00071 23.05599 23.10321 23.11377 23.05679 22.94435 22.80685 22.68152
22.0461 22.09142 22.19754 22.34862 22.52411 22.71262 22.9141 23.11445 23.29102 23.4284 23.51937 23.57883 23.62618 23.678 23.73806 23.80066 23.85868 23.90303 23.92716 23.93073 23.91768 23.90137 23.89557 23.90133 23.93246 23.99767 24.10477 24.26383 24.48393 24.76692 25.13285 25.57085 26.05406 26.51184 26.82636 26.8793 26.65375 26.27817 25.93654 25.74842 25.71109 25.70959 25.61411 25.36932 25.03256 24.67961 24.35393 24.07647 23.8408 23.63999 23.47276 23.3227 23.19422 23.08621 22.99652 22.92171 22.87042 22.84435 22.83553 22.85316 22.88197 22.90132 22.89859 22.85607 22.78628 22.70807 22.6485
22.14399 22.18002 22.2583 22.37498 22.51651 22.67216 22.84179 23.01091 23.16974 23.31043 23.42773 23.53416 23.63951 23.7482 23.86217 23.97203 24.0652 24.12475 24.14619 24.1338 24.09112 24.04548 23.99858 23.9698 23.96939 24.00549 24.08469 24.21473 24.40227 24.64755 24.9605 25.32865 25.72346 26.08485 26.32542 26.36862 26.21333 25.95311 25.71946 25.60312 25.60033 25.61226 25.52289 25.28265 24.94669 24.59104 24.25818 23.97792 23.73524 23.52942 23.35696 23.20574 23.07561 22.96918 22.88041 22.80419 22.75303 22.72188 22.70188 22.70397 22.71357 22.71554 22.70867 22.6813 22.64717 22.61824 22.61514
22.24734 22.26822 22.32025 22.40716 22.51928 22.6458 22.79259 22.94453 23.09793 23.24822 23.39502 23.5457 23.70791 23.88078 24.05853 24.22635 24.35873 24.43879 24.45224 24.4083 24.32448 24.22565 24.12964 24.05587 24.01518 24.01563 24.06095 24.15686 24.30441 24.50002 24.75138 25.03967 25.33907 25.60423 25.77845 25.81792 25.73062 25.57568 25.43552 25.36593 25.36286 25.35618 25.26544 25.05141 24.75393 24.43165 24.11982 23.84943 23.61724 23.41477 23.24354 23.09231 22.96211 22.85633 22.76849 22.6919 22.63714 22.60098 22.57243 22.56328 22.56109 22.55446 22.55017 22.53728 22.53144 22.54096 22.58221
22.34578 22.3442 22.37216 22.43546 22.52495 22.63151 22.76144 22.90504 23.0591 23.22539 23.40374 23.60482 23.82754 24.07398 24.33189 24.57275 24.76203 24.86228 24.85912 24.76738 24.61662 24.44501 24.28381 24.15249 24.06376 24.0229 24.03079 24.08851 24.19461 24.33949 24.52912 24.74398 24.96229 25.15119 25.27676 25.31673 25.27898 25.19715 25.11812 25.07182 25.05424 25.02025 24.92601 24.74352 24.4973 24.22376 23.94888 23.70252 23.48098 23.2935 23.12682 22.97759 22.85097 22.74538 22.65772 22.5808 22.52316 22.48318 22.44787 22.43221 22.42389 22.41488 22.41525 22.41522 22.4309 22.46816 22.54195
22.4341 22.40512 22.40938 22.4519 22.52387 22.61777 22.73908 22.87946 23.04173 23.22684 23.43884 23.68967 23.98249 24.31596 24.67353 25.01478 25.28105 25.40978 25.37701 25.20915 24.9616 24.69357 24.44855 24.24962 24.1055 24.01973 23.98664 24.00653 24.07175 24.17137 24.30755 24.46238 24.61766 24.75224 24.84562 24.88315 24.87484 24.83633 24.79239 24.75677 24.72603 24.67204 24.57628 24.41996 24.2174 23.99027 23.75452 23.53657 23.33316 23.15046 22.99669 22.85241 22.72694 22.62279 22.53518 22.45712 22.39919 22.35584 22.31656 22.29755 22.28708 22.27904 22.28485 22.29469 22.32623 22.3827 22.4755
22.50418 22.44615 22.42913 22.45584 22.51585 22.60112 22.71767 22.86031 23.03191 23.23819 23.48181 23.78339 24.14837 24.57995 25.05789 25.52949 25.89945 26.06763 25.99001 25.71401 25.33617 24.94829 24.6062 24.33288 24.13259 24.00111 23.92948 23.91334 23.94388 24.00613 24.09961 24.20852 24.31893 24.41652 24.48844 24.52271 24.53135 24.51808 24.4934 24.46252 24.42425 24.35995 24.26502 24.12757 23.95798 23.76684 23.56241 23.36828 23.18407 23.01873 22.86702 22.72906 22.60696 22.50363 22.41613 22.33862 22.28032 22.23539 22.19388 22.17333 22.16441 22.15895 22.17072 22.19069 22.23192 22.29972 22.40161
22.54988 22.46991 22.43774 22.45292 22.50531 22.58654 22.70156 22.8471 23.02897 23.25264 23.52677 23.87402 24.30736 24.83371 25.43806 26.05305 26.54605 26.76105 26.62832 26.22516 25.70353 25.1907 24.75282 24.41003 24.1585 23.98807 23.88326 23.83724 23.83643 23.86766 23.92888 24.00491 24.08381 24.15717 24.21604 24.24913 24.26826 24.26972 24.25718 24.23028 24.18931 24.12065 24.02657 23.90102 23.75185 23.58433 23.40185 23.22563 23.0529 22.89288 22.74761 22.61184 22.49189 22.38888 22.30239 22.22475 22.16584 22.11871 22.07815 22.05754 22.05007 22.049 22.06628 22.0939 22.14512 22.21913 22.32102
22.55361 22.46535 22.42562 22.43678 22.48528 22.56454 22.67887 22.827 23.01497 23.25097 23.54666 23.9267 24.40762 25.00453 25.70619 26.4382 27.03623 27.29247 27.11082 26.59808 25.9561 25.34368 24.8319 24.43627 24.14659 23.94729 23.81706 23.7476 23.72364 23.73206 23.76985 23.82241 23.88505 23.94584 24.00016 24.03647 24.06558 24.08012 24.07909 24.05893 24.02035 23.94928 23.85583 23.73435 23.59426 23.43739 23.26484 23.09818 22.93299 22.77873 22.63667 22.50409 22.38555 22.28351 22.19612 22.11879 22.05721 22.01161 21.97102 21.95243 21.94659 21.95067 21.97453 22.011 22.07027 22.14907 22.24952
22.51041 22.42976 22.39425 22.4059 22.45369 22.53216 22.64625 22.79487 22.98499 23.22618 23.52921 23.92038 24.41882 25.03932 25.77147 26.54027 27.17106 27.44046 27.24286 26.69325 26.00927 25.36096 24.82063 24.40288 24.09579 23.87968 23.73539 23.6514 23.61364 23.60145 23.62268 23.6638 23.71694 23.77701 23.83542 23.87986 23.9235 23.95503 23.96986 23.96177 23.92788 23.85573 23.7557 23.62947 23.48556 23.32605 23.1524 22.98593 22.81989 22.66508 22.52268 22.38934 22.27168 22.16851 22.08138 22.00149 21.94097 21.89513 21.85722 21.8402 21.83751 21.84826 21.87887 21.92582 21.99569 22.08387 22.18843
22.43142 22.37345 22.34901 22.36646 22.41646 22.49496 22.60813 22.7547 22.9419 23.17834 23.47465 23.85501 24.33337 24.92177 25.60502 26.30884 26.87921 27.12357 26.95155 26.45909 25.83221 25.22658 24.71345 24.31096 24.00939 23.79349 23.64575 23.55627 23.50906 23.48707 23.50247 23.53976 23.59365 23.65772 23.72591 23.78772 23.85485 23.91363 23.953 23.96237 23.9372 23.86268 23.75152 23.60802 23.44626 23.27106 23.08418 22.90866 22.73626 22.57708 22.43173 22.29579 22.17639 22.07166 21.98176 21.90172 21.84075 21.79505 21.75785 21.74238 21.74448 21.76041 21.80002 21.85882 21.94292 22.04834 22.16954
22.33086 22.29924 22.29093 22.31718 22.37144 22.45084 22.56134 22.70328 22.88191 23.10589 23.38277 23.73173 24.16139 24.67553 25.25286 25.82898 26.28325 26.47969 26.35547 25.97476 25.46882 24.96241 24.51855 24.15886 23.88293 23.68188 23.54043 23.45235 23.40173 23.3792 23.39837 23.43487 23.4944 23.56971 23.6584 23.74972 23.8535 23.9514 24.03026 24.06978 24.05812 23.97769 23.84313 23.66599 23.46793 23.26068 23.04866 22.8542 22.66903 22.50088 22.34936 22.20887 22.08538 21.97696 21.88517 21.8037 21.74196 21.69579 21.65971 21.64641 21.65225 21.67464 21.72432 21.79708 21.9009 22.03385 22.19028
22.2239 22.21835 22.22557 22.26141 22.32119 22.39981 22.50662 22.64074 22.80736 23.01243 23.2598 23.56552 23.93167 24.35259 24.80746 25.24375 25.57843 25.7261 25.64815 25.38285 25.00935 24.61904 24.26143 23.96137 23.7248 23.54684 23.42141 23.33761 23.29325 23.27617 23.29519 23.34057 23.41089 23.50574 23.62445 23.75632 23.91175 24.0707 24.21051 24.2987 24.30876 24.21666 24.03844 23.80302 23.54582 23.28801 23.03732 22.81591 22.61073 22.42846 22.26575 22.1195 21.99033 21.87752 21.78194 21.6987 21.63485 21.58798 21.55441 21.54307 21.5534 21.58299 21.64249 21.7315 21.85894 22.02823 22.23952
22.12088 22.13602 22.1573 22.20221 22.26607 22.34454 22.44662 22.57212 22.72416 22.90712 23.12152 23.38044 23.67902 24.00998 24.35312 24.67019 24.90787 25.01531 24.97209 24.79877 24.53651 24.25214 23.98036 23.74332 23.54797 23.39827 23.29069 23.22001 23.18431 23.17309 23.20042 23.25538 23.3421 23.46224 23.61658 23.80032 24.02495 24.26845 24.49903 24.66306 24.70763 24.59372 24.34569 24.01889 23.67433 23.34669 23.04717 22.79279 22.56689 22.37114 22.19851 22.04429 21.90789 21.78922 21.68949 21.60278 21.53648 21.48812 21.45408 21.44482 21.45753 21.49265 21.56015 21.66179 21.81031 22.01587 22.28912
22.02691 22.05725 22.09129 22.14386 22.20883 22.28461 22.38227 22.49808 22.63437 22.79416 22.97735 23.19044 23.42799 23.68215 23.9356 24.16305 24.32977 24.4091 24.38634 24.27593 24.09707 23.89815 23.69732 23.51582 23.36132 23.24098 23.15032 23.09644 23.07052 23.06538 23.10173 23.1694 23.27458 23.42101 23.61649 23.85858 24.16483 24.51551 24.86936 25.14433 25.24143 25.09491 24.74193 24.28445 23.82419 23.41163 23.05747 22.77073 22.52533 22.31627 22.13538 21.9727 21.82831 21.70267 21.59687 21.50533 21.43566 21.38555 21.35078 21.34207 21.35651 21.39455 21.46667 21.57507 21.73475 21.96141 22.2775
21.94493 21.98706 22.02968 22.08608 22.15207 22.22439 22.31512 22.42146 22.54204 22.68113 22.83237 23.00558 23.19138 23.38355 23.56997 23.73246 23.85094 23.90836 23.89791 23.82814 23.70628 23.56786 23.42307 23.28642 23.16808 23.07269 23.00259 22.9607 22.9458 22.94831 22.99414 23.07326 23.19742 23.36864 23.60031 23.89935 24.28802 24.75385 25.24911 25.66083 25.82919 25.64213 25.15471 24.53865 23.94893 23.451 23.04879 22.73746 22.48041 22.2641 22.07449 21.90196 21.74917 21.61481 21.50074 21.4043 21.33023 21.27702 21.24352 21.23408 21.24893 21.28756 21.35936 21.46695 21.62129 21.84029 22.14903
21.87553 21.92539 21.97419 22.0341 22.10133 22.17149 22.25691 22.35315 22.45949 22.58051 22.70354 22.84248 22.98711 23.13273 23.26987 23.38663 23.47087 23.51279 23.50892 23.46401 23.37881 23.28198 23.17878 23.07915 22.98847 22.9161 22.86268 22.83304 22.82664 22.83764 22.89298 22.98157 23.11519 23.30387 23.56209 23.90036 24.35029 24.90243 25.51163 26.04271 26.2794 26.05724 25.44634 24.68972 23.99277 23.43411 23.00837 22.6934 22.43924 22.22154 22.02519 21.84203 21.67725 21.53239 21.4084 21.30494 21.22521 21.16813 21.13376 21.12313 21.13646 21.17395 21.24255 21.34174 21.47641 21.65648 21.90203
21.809 21.86387 21.92091 21.98115 22.0487 22.12035 22.19994 22.28637 22.37969 22.47949 22.58074 22.69074 22.80266 22.91183 23.01272 23.09623 23.15617 23.18645 23.18299 23.15334 23.09321 23.02413 22.94869 22.87331 22.80557 22.75121 22.71041 22.69105 22.69222 22.7111 22.76986 22.86124 23.0013 23.19752 23.46555 23.82019 24.28843 24.86667 25.50854 26.07432 26.33181 26.09641 25.4393 24.62906 23.89732 23.33096 22.92226 22.63188 22.39908 22.18816 21.98518 21.78895 21.60765 21.44681 21.3108 21.19771 21.11178 21.05109 21.01498 21.00259 21.01643 21.0533 21.11795 21.20676 21.31729 21.44733 21.60206
21.76027 21.81757 21.87775 21.94244 22.01052 22.08006 22.15545 22.23403 22.3159 22.40118 22.4837 22.57263 22.65882 22.74035 22.81294 22.87253 22.91218 22.93218 22.93017 22.90803 22.86074 22.81045 22.75316 22.6967 22.64455 22.60317 22.57328 22.5605 22.56489 22.58746 22.64702 22.73702 22.87432 23.06611 23.32518 23.66143 24.09894 24.62743 25.19954 25.68651 25.89383 25.66973 25.07302 24.33229 23.66229 23.15558 22.80998 22.57642 22.38051 22.17903 21.96359 21.74595 21.54195 21.36204 21.21169 21.08926 20.99655 20.92991 20.89195 20.87986 20.89295 20.93021 20.99348 21.07733 21.17341 21.26917 21.3536
21.72145 21.7848 21.84784 21.91477 21.98313 22.05175 22.12351 22.19602 22.26925 22.34223 22.40916 22.4791 22.54472 22.60442 22.65564 22.69317 22.7192 22.72943 22.72496 22.70525 22.66352 22.62236 22.57721 22.53234 22.48984 22.45652 22.4332 22.42284 22.43063 22.45268 22.5096 22.59486 22.723 22.89719 23.12928 23.42506 23.79622 24.2272 24.6691 25.01934 25.14239 24.945 24.47138 23.88154 23.34422 22.94812 22.70189 22.5471 22.39324 22.19162 21.95152 21.70134 21.46835 21.2676 21.1024 20.97031 20.86957 20.80096 20.76259 20.74966 20.76201 20.8033 20.86884 20.95697 21.05758 21.15364 21.2235
21.69637 21.76321 21.82896 21.89813 21.96843 22.03677 22.10634 22.17471 22.24117 22.30362 22.35951 22.41351 22.46227 22.50138 22.53483 22.55826 22.57087 22.57208 22.56254 22.54101 22.50126 22.46507 22.42671 22.38823 22.35216 22.32375 22.30325 22.29584 22.30183 22.32248 22.37317 22.44783 22.55835 22.70883 22.90429 23.14425 23.43572 23.75651 24.06391 24.284 24.33765 24.17508 23.83025 23.40718 23.02519 22.76001 22.6231 22.5471 22.42457 22.20735 21.92932 21.64055 21.3787 21.15725 20.97605 20.83587 20.73214 20.66109 20.62271 20.60814 20.62402 20.66853 20.73974 20.83615 20.95436 21.07709 21.17499
21.67801 21.74796 21.81533 21.8889 21.96163 22.03062 22.10018 22.16647 22.22729 22.28313 22.32804 22.3683 22.3997 22.42469 22.44137 22.44991 22.44987 22.43901 22.42253 22.39603 22.35526 22.3202 22.28527 22.24632 22.21341 22.18452 22.16657 22.15638 22.16049 22.17694 22.21839 22.2795 22.37182 22.49393 22.64897 22.83481 23.04998 23.27451 23.47406 23.60176 23.61555 23.4927 23.25873 22.97945 22.73802 22.59063 22.54244 22.51936 22.40813 22.169 21.85699 21.53803 21.25285 21.01614 20.82736 20.68348 20.5776 20.50617 20.46824 20.45659 20.47404 20.52087 20.59526 20.69768 20.82688 20.96901 21.08911
21.66917 21.74312 21.8171 21.89392 21.97155 22.04239 22.11382 22.18016 22.23845 22.28814 22.32297 22.35238 22.37277 22.38164 22.38292 22.37479 22.35942 22.33567 22.30863 22.2737 22.22641 22.19216 22.15058 22.11051 22.078 22.05055 22.03111 22.01853 22.01709 22.02662 22.05763 22.10517 22.17695 22.27011 22.38717 22.52309 22.67434 22.82346 22.94736 23.01669 23.01242 22.92543 22.775 22.60274 22.46429 22.39452 22.3887 22.37703 22.26255 22.0168 21.6971 21.37029 21.07902 20.83922 20.64872 20.50546 20.40118 20.33338 20.29806 20.28879 20.3059 20.35361 20.42499 20.52426 20.64739 20.78178 20.89117
21.67566 21.75655 21.83593 21.9189 22.00296 22.08091 22.15833 22.22803 22.28606 22.33299 22.36131 22.38001 22.38521 22.37856 22.3622 22.33651 22.30508 22.26622 22.22814 22.18435 22.12969 22.09093 22.04532 22.00277 21.96616 21.93606 21.91123 21.89529 21.88944 21.88923 21.90962 21.94108 21.99163 22.05962 22.14134 22.2339 22.33429 22.4285 22.50127 22.53494 22.52224 22.46052 22.36404 22.25692 22.17667 22.13717 22.12782 22.0959 21.97191 21.73763 21.43823 21.12966 20.85257 20.62166 20.43842 20.30267 20.20597 20.14304 20.11417 20.10814 20.1259 20.17061 20.23524 20.31774 20.42036 20.52446 20.60147
21.6919 21.77923 21.86797 21.96 22.05457 22.14402 22.23202 22.30915 22.37268 22.41952 22.44185 22.4482 22.43756 22.41169 22.37471 22.32784 22.27632 22.21925 22.16495 22.10929 22.04902 21.99816 21.94908 21.9012 21.85946 21.82618 21.796 21.77378 21.75976 21.74879 21.75729 21.7747 21.80661 21.84959 21.90293 21.96141 22.02388 22.07865 22.11681 22.12759 22.10984 22.06322 21.99599 21.92225 21.86396 21.82324 21.78792 21.72416 21.59 21.37339 21.10574 20.82881 20.57452 20.36061 20.1912 20.06832 19.98204 19.93047 19.91039 19.90957 19.92931 19.96968 20.02109 20.08609 20.15986 20.22742 20.27038
21.71907 21.81544 21.91488 22.02102 22.12965 22.23511 22.33838 22.43093 22.50634 22.55441 22.57095 22.56464 22.53283 22.48272 22.41926 22.34603 22.27107 22.19204 22.12158 22.05338 21.97816 21.91817 21.85983 21.80587 21.75887 21.71988 21.68516 21.6565 21.63379 21.61175 21.60952 21.61246 21.62773 21.64997 21.67922 21.71001 21.74122 21.76833 21.78175 21.7763 21.75291 21.71099 21.6566 21.59423 21.53736 21.48149 21.41501 21.32248 21.17667 20.97305 20.73313 20.4842 20.2531 20.05872 19.9063 19.79955 19.73259 19.69719 19.69073 19.6987 19.72104 19.75606 19.79778 19.84232 19.88789 19.92383 19.93633
