tethysapp/magdalena_cauca_data_viewer/public/raster/temp.asc
ncols         279
nrows         512
xllcorner     -77.443335897482
yllcorner     1.3064112990023
cellsize      0.020005794964035
NODATA_value  -9999
[rows 330 to 359 of 512, columns 67 to 133 of 279]
20.93165 20.9619 21.01121 21.08832 21.19971 21.35782 21.57597 21.8619 22.20811 22.56433 22.81276 22.80899 22.51728 22.04376 21.55251 21.13481 20.80909 20.56142 20.36925 20.19594 19.96706 19.6787 19.40038 19.21435 19.10887 18.99737 18.843 18.63276 18.37084 18.06007 17.69539 17.25288 16.6756 15.86019 14.6642 12.99771 11.15032 10.09212 10.61092 12.18034 13.88024 15.29575 16.37816 17.18577 17.79111 18.25402 18.61945 18.93212 19.2291 19.53922 19.8735 20.22508 20.62368 21.11773 21.69303 22.29806 22.89022 23.42383 23.85768 24.14698 24.26507 24.20274 24.00596 23.73619 23.4449 23.14975 22.85494
21.00127 21.04133 21.10342 21.19292 21.31999 21.50133 21.75465 22.09205 22.52214 23.00378 23.38693 23.43534 23.05355 22.40799 21.77335 21.27794 20.92314 20.66537 20.4541 20.23081 19.94474 19.61142 19.31896 19.14931 19.02383 18.88023 18.71376 18.52715 18.30225 18.01743 17.65591 17.18747 16.55151 15.63984 14.3026 12.43128 10.32161 9.103479 9.757377 11.61177 13.54188 15.09639 16.25586 17.1094 17.7461 18.23597 18.63424 18.97879 19.30589 19.63517 19.97035 20.31718 20.7145 21.2088 21.7903 22.41158 23.03762 23.62403 24.14129 24.53772 24.73186 24.64882 24.37241 24.03715 23.72103 23.42848 23.14389
21.0673 21.10964 21.17518 21.26988 21.40454 21.59364 21.85423 22.20812 22.66707 23.19965 23.65962 23.7769 23.34809 22.59896 21.89082 21.37348 21.03659 20.81101 20.60893 20.35024 19.99658 19.58295 19.21213 18.98182 18.89186 18.71121 18.51598 18.36908 18.19599 17.94953 17.61019 17.15032 16.51878 15.63269 14.38763 12.73836 10.97155 9.976135 10.49921 12.06807 13.78228 15.21446 16.30778 17.12459 17.74286 18.22503 18.621 18.97337 19.30923 19.6488 19.99915 20.36937 20.79399 21.30673 21.91094 22.5771 23.27874 23.96928 24.61856 25.18377 25.49266 25.31267 24.849 24.39775 24.05565 23.79 23.54136
21.12144 21.16982 21.23529 21.32678 21.45516 21.63196 21.87394 22.19772 22.61215 23.08546 23.49373 23.58916 23.19641 22.5114 21.86201 21.40306 21.14113 21.00649 20.87109 20.60032 20.16273 19.644 19.18581 18.92503 18.80085 18.43107 18.20408 18.14442 18.04003 17.84372 17.5475 17.12849 16.5526 15.77967 14.7782 13.58421 12.42743 11.81663 12.14181 13.18956 14.44742 15.58707 16.50568 17.21843 17.76981 18.20875 18.57637 18.91156 19.24175 19.585 19.95238 20.3578 20.82108 21.36815 22.01191 22.74033 23.53689 24.34257 25.07846 25.7342 26.17285 25.85626 25.21667 24.70434 24.40691 24.24263 24.08332
21.17642 21.21947 21.27849 21.35979 21.47262 21.62448 21.82788 22.09072 22.40981 22.75001 23.01233 23.03592 22.73149 22.22186 21.72713 21.38458 21.2346 21.23669 21.22363 20.96118 20.43205 19.82126 19.30548 18.96818 18.66248 18.17309 17.94211 17.91261 17.83465 17.68766 17.45674 17.10361 16.60291 15.95795 15.20698 14.43709 13.79924 13.51506 13.74204 14.40049 15.24552 16.07374 16.78296 17.35573 17.80677 18.17204 18.48458 18.77711 19.08414 19.42682 19.81322 20.25414 20.75986 21.35209 22.04117 22.83271 23.72214 24.64324 25.42377 25.86314 26.13446 25.84664 25.29004 24.89423 24.77789 24.83845 24.85415
21.22448 21.261 21.31135 21.3786 21.46938 21.58861 21.74248 21.93293 22.14799 22.35383 22.4848 22.45708 22.2372 21.89634 21.56293 21.34124 21.2882 21.39426 21.47845 21.23174 20.66158 20.02264 19.4808 19.06001 18.66238 18.22556 17.90894 17.71232 17.56568 17.47004 17.33524 17.06553 16.63152 16.06766 15.47554 14.9993 14.73229 14.70821 14.94261 15.39848 15.96973 16.54977 17.0643 17.48899 17.82375 18.08754 18.31609 18.54427 18.80876 19.14183 19.55067 20.03651 20.59638 21.23582 21.9653 22.79632 23.73239 24.72002 25.56674 25.87208 25.72356 25.46525 25.13756 24.99408 25.18653 25.61733 25.91132
21.27149 21.30012 21.34 21.39 21.45835 21.54309 21.64855 21.77137 21.89956 22.00688 22.05537 22.00742 21.85154 21.63041 21.41712 21.28026 21.26491 21.35921 21.41407 21.19424 20.70406 20.13994 19.62996 19.19068 18.77652 18.35141 17.928 17.52483 17.27462 17.25042 17.23408 17.04958 16.66101 16.12061 15.58376 15.28207 15.28983 15.48683 15.78309 16.15312 16.56077 16.95938 17.30848 17.5885 17.79242 17.93283 18.04057 18.16764 18.37018 18.6891 19.13106 19.6785 20.30885 21.00576 21.76639 22.59577 23.49405 24.40334 25.14464 25.41867 25.27337 25.0488 24.91088 25.0295 25.55717 26.41381 27.03826
21.32298 21.3463 21.37495 21.40752 21.45119 21.50379 21.56674 21.63506 21.70057 21.74452 21.74723 21.69401 21.58 21.43232 21.29312 21.20121 21.18021 21.20459 21.17429 20.97655 20.60767 20.16452 19.72867 19.32053 18.91938 18.4938 18.01671 17.51747 17.20983 17.21068 17.25278 17.12181 16.77317 16.25912 15.75821 15.55926 15.73205 16.06159 16.40063 16.72265 17.02219 17.28478 17.49506 17.63582 17.69636 17.67988 17.6184 17.58951 17.69412 18.00379 18.51569 19.16835 19.90088 20.66964 21.45952 22.25881 23.06345 23.81908 24.40001 24.67193 24.67357 24.60262 24.63759 24.94205 25.65783 26.71479 27.48852
21.3849 21.39988 21.41684 21.43334 21.45439 21.4788 21.50705 21.53344 21.55508 21.56086 21.53834 21.4835 21.39464 21.28851 21.18882 21.11701 21.08282 21.0619 20.97487 20.78 20.49261 20.1502 19.79374 19.43797 19.07416 18.68198 18.24604 17.80831 17.52261 17.46319 17.45749 17.33375 17.03987 16.61791 16.22626 16.09798 16.28664 16.61149 16.92195 17.18452 17.39266 17.5431 17.62836 17.63804 17.54636 17.33379 17.03357 16.76457 16.72043 17.04065 17.69247 18.52933 19.41128 20.27608 21.09829 21.86562 22.57675 23.20123 23.68004 23.95976 24.0812 24.15499 24.31262 24.68005 25.34579 26.21415 26.80333
21.45824 21.46832 21.4742 21.47478 21.47696 21.47679 21.47605 21.47197 21.46409 21.44235 21.4038 21.34756 21.27197 21.18475 21.10394 21.03666 20.98716 20.93575 20.8264 20.64367 20.40898 20.13805 19.84926 19.54986 19.23788 18.90589 18.55541 18.22328 17.98479 17.86757 17.79272 17.66105 17.43188 17.13724 16.88469 16.80749 16.93518 17.16826 17.40059 17.58497 17.70529 17.75408 17.72693 17.61529 17.37443 16.94149 16.32927 15.70971 15.44698 15.82613 16.723 17.8258 18.91349 19.88906 20.74725 21.49003 22.13312 22.67145 23.09234 23.38251 23.57051 23.73038 23.94137 24.27489 24.76043 25.29616 25.60681
21.54843 21.55328 21.54963 21.53617 21.51916 21.49797 21.47382 21.44493 21.41251 21.3713 21.32174 21.26297 21.18994 21.11239 21.03735 20.96763 20.90057 20.82519 20.71268 20.55455 20.36239 20.14387 19.90899 19.66224 19.40406 19.13522 18.86452 18.61368 18.41628 18.27878 18.16975 18.04082 17.87016 17.68014 17.53101 17.48431 17.55521 17.69541 17.84057 17.95 17.9926 17.95877 17.84248 17.6348 17.26443 16.62689 15.69491 14.67508 14.14842 14.65413 15.86692 17.24879 18.52164 19.59192 20.46721 21.18258 21.77449 22.25879 22.64441 22.93232 23.15004 23.344 23.55787 23.82244 24.13544 24.42151 24.54771
21.66732 21.67029 21.65812 21.63112 21.59706 21.55348 21.50571 21.45281 21.39995 21.34391 21.28212 21.2189 21.14605 21.06963 20.99497 20.91863 20.84042 20.7534 20.64586 20.50954 20.35086 20.17231 19.97999 19.77781 19.56753 19.35296 19.14292 18.94773 18.78275 18.64944 18.53629 18.42088 18.29483 18.17199 18.08284 18.05296 18.08779 18.16444 18.24375 18.29522 18.29074 18.20835 18.04256 17.77337 17.32181 16.56844 15.46537 14.2291 13.54561 14.13134 15.53483 17.04079 18.37142 19.44859 20.3041 20.98006 21.52167 21.96225 22.31855 22.59698 22.81778 23.0165 23.21052 23.41376 23.61462 23.76616 23.81182
21.8096 21.81256 21.79395 21.7534 21.6999 21.63313 21.56099 21.48728 21.41531 21.34317 21.27011 21.19924 21.12495 21.04795 20.97264 20.89423 20.81111 20.72253 20.62196 20.50278 20.36835 20.21943 20.05989 19.89322 19.7216 19.54873 19.3817 19.22491 19.08701 18.96741 18.8638 18.76599 18.67097 18.58812 18.53193 18.51113 18.52671 18.56572 18.60493 18.62261 18.59266 18.49975 18.32784 18.04354 17.5845 16.85955 15.84908 14.77174 14.21805 14.71022 15.93992 17.30325 18.51007 19.49321 20.26656 20.8822 21.37041 21.76784 22.09257 22.35459 22.56708 22.75614 22.93025 23.09304 23.23981 23.34167 23.37764
21.98831 21.99682 21.97288 21.9171 21.83912 21.74577 21.6467 21.54852 21.45506 21.36567 21.2831 21.20424 21.12555 21.04765 20.97149 20.89258 20.80952 20.72418 20.63178 20.52616 20.4098 20.28235 20.14738 20.00819 19.86618 19.72476 19.58909 19.46042 19.3447 19.24067 19.15113 19.06983 18.99616 18.93702 18.89921 18.88473 18.89214 18.91327 18.93163 18.93239 18.90117 18.81844 18.66513 18.41494 18.01928 17.44035 16.69658 15.97457 15.65159 16.00455 16.88262 17.9215 18.88509 19.6957 20.35574 20.88705 21.3167 21.66391 21.95397 22.19282 22.39136 22.56481 22.72799 22.87841 23.01122 23.11887 23.19353
22.21294 22.23263 22.20594 22.13063 22.02271 21.89366 21.76018 21.63177 21.514 21.40819 21.3128 21.2268 21.14417 21.06496 20.98862 20.90975 20.8285 20.74938 20.66602 20.5716 20.46809 20.35617 20.2392 20.12023 20.00037 19.88219 19.76998 19.66241 19.56428 19.47437 19.39726 19.32933 19.27031 19.22572 19.20028 19.1913 19.19549 19.21066 19.22457 19.22653 19.20382 19.14428 19.02918 18.83875 18.55116 18.15551 17.69276 17.28896 17.14766 17.39303 17.96662 18.67989 19.38412 20.01036 20.53797 20.97755 21.33595 21.63829 21.89298 22.10294 22.28621 22.44937 22.60752 22.75699 22.90616 23.05376 23.20495
22.48991 22.5322 22.50418 22.40426 22.25337 22.07587 21.89787 21.73209 21.58768 21.46212 21.35466 21.26291 21.17823 21.09861 21.02244 20.94255 20.86248 20.79077 20.71786 20.63268 20.53826 20.43643 20.33186 20.22721 20.12365 20.0225 19.92912 19.83797 19.75367 19.67456 19.60642 19.54749 19.49867 19.46412 19.44774 19.44487 19.45356 19.47235 19.49103 19.50416 19.50099 19.47088 19.40301 19.28517 19.10761 18.87833 18.63157 18.44158 18.41061 18.58896 18.95877 19.42923 19.91696 20.37553 20.77703 21.12168 21.41252 21.66482 21.88593 22.06885 22.23559 22.38884 22.5457 22.70821 22.88618 23.0957 23.35215
22.81919 22.89984 22.87579 22.74055 22.52883 22.28612 22.05035 21.84211 21.66705 21.52245 21.40402 21.30781 21.22391 21.14663 21.07278 20.99353 20.91326 20.84986 20.78616 20.70708 20.61638 20.51948 20.42242 20.32686 20.23514 20.14818 20.06959 19.99148 19.91671 19.84363 19.77974 19.72495 19.68151 19.65364 19.64473 19.64965 19.66713 19.69585 19.72722 19.7581 19.78056 19.7872 19.76928 19.72242 19.64542 19.54405 19.44422 19.38591 19.41659 19.55528 19.79948 20.1051 20.43236 20.75384 21.0451 21.30424 21.53085 21.73518 21.91913 22.07584 22.22431 22.36658 22.52387 22.6988 22.91057 23.18447 23.56146
23.18404 23.32334 23.30853 23.12627 22.83364 22.50796 22.20658 21.95126 21.74687 21.5845 21.45685 21.35905 21.27822 21.20922 21.14621 21.07637 21.00174 20.94116 20.87655 20.79381 20.69937 20.60089 20.50607 20.41634 20.33404 20.25952 20.19616 20.13001 20.06112 19.98766 19.9206 19.86401 19.82182 19.79818 19.79652 19.81174 19.84275 19.88696 19.93719 19.99173 20.04434 20.0899 20.12418 20.14363 20.14899 20.14551 20.14488 20.16743 20.23236 20.34373 20.50986 20.70584 20.91718 21.13108 21.33234 21.51897 21.68937 21.84972 21.99838 22.12803 22.25901 22.39089 22.54342 22.72566 22.95876 23.28521 23.75669
23.52333 23.73386 23.73353 23.4961 23.11186 22.70065 22.33669 22.04012 21.81104 21.63541 21.50323 21.40774 21.3357 21.28212 21.2414 21.19779 21.1408 21.07326 20.99147 20.89236 20.784 20.67588 20.57893 20.49331 20.41904 20.35746 20.30994 20.2568 20.18775 20.10432 20.02464 19.95934 19.9129 19.88971 19.89375 19.92186 19.97121 20.03724 20.1123 20.19777 20.285 20.37058 20.45455 20.53389 20.61017 20.68169 20.75371 20.83121 20.91451 21.00993 21.12359 21.24683 21.37285 21.50353 21.62946 21.7525 21.87193 21.98857 22.1012 22.21093 22.32578 22.44031 22.58221 22.75706 22.99651 23.33622 23.8384
23.74338 24.00978 24.02206 23.74195 23.29005 22.8206 22.41644 22.09657 21.85421 21.67307 21.5413 21.45219 21.39322 21.36129 21.3511 21.34513 21.30945 21.23197 21.12571 20.99914 20.86158 20.73331 20.63172 20.55098 20.48412 20.43529 20.40729 20.36689 20.2905 20.18576 20.08387 20.00112 19.94131 19.91465 19.92519 19.96886 20.04298 20.13888 20.24873 20.36844 20.49406 20.62301 20.75544 20.89105 21.02984 21.16752 21.2996 21.4157 21.51603 21.6006 21.67806 21.74554 21.80482 21.86403 21.92227 21.98743 22.05603 22.13563 22.21498 22.30287 22.39367 22.49176 22.61686 22.78081 23.00064 23.31098 23.76339
23.75474 24.02197 24.03399 23.75121 23.29846 22.8298 22.42826 22.11082 21.87129 21.69411 21.56852 21.4895 21.44691 21.43897 21.46153 21.49355 21.48367 21.40528 21.2777 21.11662 20.94019 20.78293 20.67409 20.59629 20.53335 20.4891 20.46975 20.43616 20.34852 20.22032 20.09322 19.98266 19.90067 19.86095 19.87657 19.94533 20.05889 20.19714 20.35049 20.51041 20.67607 20.84987 21.03083 21.2217 21.42133 21.61988 21.80419 21.95849 22.07272 22.14992 22.20077 22.22403 22.22261 22.21701 22.21509 22.22616 22.25231 22.29187 22.34714 22.40802 22.47884 22.55548 22.6636 22.80007 22.9823 23.23361 23.58313
23.55839 23.76804 23.76636 23.52776 23.14656 22.74284 22.38674 22.09791 21.87391 21.70893 21.59267 21.52242 21.4957 21.51098 21.56381 21.62546 21.64702 21.58779 21.44602 21.25057 21.04018 20.85813 20.73172 20.64118 20.56624 20.50885 20.47314 20.42499 20.33044 20.19351 20.04616 19.90131 19.77881 19.71155 19.73225 19.84159 20.0135 20.21214 20.41459 20.62148 20.83072 21.04583 21.2749 21.52077 21.78063 22.04431 22.28601 22.47458 22.60109 22.67612 22.71204 22.70011 22.6442 22.5736 22.51155 22.47171 22.45629 22.46977 22.50055 22.54294 22.59362 22.6537 22.73759 22.84333 22.97926 23.16013 23.39529
23.24895 23.38207 23.36386 23.18293 22.89659 22.58124 22.29028 22.04175 21.84618 21.69778 21.5946 21.53699 21.5261 21.56429 21.65001 21.75441 21.82289 21.7805 21.61336 21.38399 21.15136 20.95186 20.80015 20.68208 20.58377 20.50016 20.43191 20.35549 20.25296 20.11571 19.95126 19.76442 19.58274 19.46973 19.49567 19.66504 19.91883 20.19331 20.45651 20.71128 20.96069 21.2149 21.48397 21.77878 22.10156 22.43358 22.73765 22.95722 23.08475 23.16857 23.21901 23.18483 23.0663 22.92169 22.79475 22.70775 22.6617 22.65067 22.66177 22.69023 22.72448 22.76777 22.83051 22.90632 22.99742 23.1116 23.24664
22.94325 23.01266 22.98186 22.8487 22.64366 22.40835 22.17866 21.97444 21.80634 21.67561 21.58526 21.53706 21.53724 21.59159 21.70198 21.84599 21.95941 21.92086 21.72538 21.47541 21.2328 21.02211 20.84968 20.70785 20.58452 20.47356 20.37428 20.27062 20.15632 20.01493 19.84105 19.62057 19.37456 19.20078 19.23102 19.47484 19.82091 20.17155 20.49201 20.78814 21.06923 21.35321 21.65167 21.98423 22.36096 22.76435 23.13321 23.37236 23.47708 23.60096 23.73131 23.68369 23.47662 23.23941 23.04955 22.92628 22.85758 22.82971 22.82896 22.84532 22.8706 22.9012 22.94705 22.99807 23.05151 23.10935 23.16853
22.71272 22.74056 22.7 22.59542 22.4438 22.26377 22.08188 21.91218 21.7668 21.65106 21.56829 21.52599 21.52928 21.58357 21.6911 21.83096 21.93613 21.9005 21.72333 21.49404 21.26304 21.05369 20.87146 20.71229 20.56852 20.43229 20.30484 20.17612 20.04921 19.91145 19.74832 19.53181 19.26884 19.06953 19.10351 19.39105 19.791 20.1858 20.53949 20.85982 21.16149 21.45833 21.76973 22.1199 22.53061 22.98265 23.39977 23.63855 23.6916 23.93466 24.24279 24.15086 23.81955 23.49682 23.26477 23.12115 23.04219 23.00835 23.00248 23.01587 23.03798 23.06356 23.09891 23.13242 23.15933 23.17489 23.17676
22.58515 22.588 22.53914 22.44467 22.3164 22.16563 22.01002 21.86082 21.72915 21.621 21.54235 21.50274 21.49973 21.53877 21.62226 21.72157 21.78639 21.75808 21.6363 21.45611 21.25136 21.05287 20.87049 20.70129 20.54135 20.37983 20.22236 20.06733 19.92527 19.79958 19.67659 19.52373 19.33275 19.18675 19.23219 19.49975 19.87767 20.26181 20.6133 20.9358 21.23897 21.5353 21.84224 22.18885 22.59946 23.0477 23.45311 23.67689 23.73894 24.09574 24.49876 24.36523 23.98732 23.65282 23.42758 23.29225 23.2218 23.19411 23.19121 23.20782 23.23268 23.26264 23.29954 23.32736 23.33924 23.32751 23.28835
22.55108 22.54121 22.4788 22.37823 22.2493 22.10486 21.95699 21.81422 21.6869 21.58024 21.50139 21.45641 21.44363 21.46422 21.51654 21.5767 21.61546 21.60763 21.53796 21.39456 21.21145 21.02384 20.84545 20.67103 20.49578 20.30739 20.11296 19.91633 19.74887 19.63792 19.58422 19.54401 19.48402 19.44539 19.52015 19.74244 20.05518 20.38785 20.707 21.0093 21.29987 21.58608 21.8825 22.213 22.59059 22.98546 23.33286 23.55524 23.70143 23.98117 24.25004 24.19511 23.94408 23.70518 23.54086 23.44674 23.40165 23.38787 23.39691 23.42006 23.45685 23.49957 23.55082 23.58845 23.60158 23.57321 23.49999
22.60743 22.59267 22.51165 22.38624 22.23882 22.08083 21.92541 21.77764 21.64499 21.5335 21.44839 21.3963 21.37122 21.3737 21.3991 21.43124 21.45908 21.46633 21.42842 21.31017 21.14705 20.97652 20.8081 20.63387 20.44722 20.23103 19.99017 19.73282 19.51483 19.40787 19.43869 19.53569 19.62039 19.69497 19.8122 20.00368 20.25385 20.52847 20.80251 21.07282 21.34085 21.61224 21.89682 22.20601 22.54085 22.87498 23.17026 23.39381 23.57512 23.76731 23.92039 23.93076 23.83554 23.72714 23.65093 23.61263 23.59976 23.60547 23.62751 23.6621 23.71495 23.78513 23.86783 23.94158 23.97338 23.94197 23.83537
22.73536 22.72451 22.61513 22.44942 22.26613 22.08431 21.909 21.74624 21.60092 21.47698 21.38144 21.31947 21.28377 21.2718 21.27624 21.28865 21.30291 21.31048 21.27989 21.19047 21.06105 20.91696 20.76586 20.59861 20.40755 20.17131 19.889 19.56741 19.28561 19.17284 19.28611 19.5135 19.72196 19.88884 20.04377 20.22363 20.42881 20.65157 20.8799 21.11317 21.35435 21.60775 21.87969 22.17 22.47452 22.77105 23.03786 23.26038 23.44645 23.60761 23.72906 23.78636 23.79658 23.79318 23.79762 23.80876 23.8272 23.84777 23.87765 23.92453 23.99989 24.10807 24.25071 24.39105 24.47545 24.45261 24.30375
22.89824 22.89703 22.75173 22.53573 22.31425 22.10331 21.90504 21.71786 21.55086 21.40805 21.29633 21.22154 21.17661 21.15387 21.14263 21.14017 21.14489 21.14617 21.12133 21.05986 20.96677 20.85413 20.72649 20.5749 20.39233 20.15544 19.86136 19.51586 19.20983 19.10049 19.26172 19.55698 19.83126 20.0459 20.22265 20.39079 20.56181 20.73809 20.92089 21.11561 21.32714 21.56371 21.8261 22.11013 22.40573 22.69327 22.95914 23.18983 23.38803 23.55387 23.68991 23.79291 23.87447 23.94854 24.01546 24.07068 24.10765 24.13235 24.16117 24.2119 24.30823 24.47008 24.70204 24.9595 25.14783 25.15491 24.9383
