tethysapp/magdalena_cauca_data_viewer/public/raster/temp.asc
ncols         279
nrows         512
xllcorner     -77.443335897482
yllcorner     1.3064112990023
cellsize      0.020005794964035
NODATA_value  -9999
[rows 150 to 179 of 512, columns 134 to 200 of 279]
27.06982 27.26545 27.47311 27.67432 27.84193 27.94427 27.95699 27.8754 27.71793 27.51661 27.30358 27.09944 26.91607 26.75696 26.62178 26.50617 26.40834 26.32519 26.25662 26.19751 26.14906 26.11114 26.08366 26.06726 26.06271 26.07099 26.09337 26.13101 26.18485 26.25571 26.34263 26.44253 26.54837 26.64704 26.72306 26.76011 26.7511 26.70003 26.62155 26.53328 26.4495 26.37955 26.3249 26.28982 26.27198 26.27029 26.28409 26.31255 26.35413 26.40913 26.47525 26.54944 26.62623 26.69802 26.75431 26.78492 26.78162 26.74132 26.66541 26.56402 26.44466 26.31355 26.18079 26.04562 25.91611 25.79014 25.66902
26.98968 27.16847 27.35623 27.53518 27.68251 27.77117 27.78112 27.70862 27.56914 27.38966 27.19834 27.01321 26.84549 26.69863 26.57264 26.46338 26.36967 26.28872 26.22107 26.16169 26.11263 26.07358 26.04479 26.02699 26.021 26.0278 26.04867 26.08429 26.13575 26.2035 26.2864 26.38111 26.48088 26.57365 26.64428 26.67905 26.67159 26.62558 26.55438 26.47412 26.39799 26.33472 26.28539 26.25404 26.23817 26.23644 26.24796 26.27167 26.30572 26.35033 26.40267 26.46029 26.51837 26.5711 26.61059 26.62982 26.6232 26.58769 26.52412 26.43937 26.33821 26.22429 26.10664 25.98336 25.86229 25.74343 25.62701
26.88576 27.04143 27.202 27.3522 27.4732 27.54471 27.55126 27.4909 27.37541 27.22567 27.0642 26.90587 26.76039 26.63116 26.51822 26.41849 26.33027 26.25258 26.18616 26.12682 26.07649 26.03572 26.00507 25.98518 25.97677 25.98095 25.99876 26.03066 26.07742 26.13875 26.21395 26.29872 26.38682 26.46817 26.52988 26.56064 26.55605 26.51913 26.46089 26.39478 26.33202 26.28023 26.24039 26.21549 26.20363 26.20349 26.21391 26.23371 26.26189 26.29688 26.3376 26.3815 26.42476 26.46243 26.48914 26.50025 26.49102 26.46005 26.40585 26.33436 26.24781 26.14774 26.04166 25.9281 25.8152 25.70153 25.58844
26.76708 26.89715 27.02873 27.14905 27.2437 27.29848 27.30232 27.25484 27.16453 27.04668 26.91813 26.79013 26.67036 26.56176 26.46405 26.37492 26.29323 26.21901 26.15325 26.09331 26.04118 25.99809 25.96473 25.94188 25.93026 25.93097 25.94443 25.97114 26.01136 26.06436 26.12913 26.20143 26.2756 26.34368 26.39548 26.4217 26.421 26.39524 26.3529 26.30432 26.25838 26.22134 26.19347 26.17766 26.17171 26.17452 26.18494 26.20253 26.22502 26.25269 26.2843 26.31784 26.35027 26.3777 26.39658 26.40222 26.39238 26.36516 26.31833 26.2566 26.18022 26.08995 25.99293 25.88598 25.77778 25.66652 25.55486
26.6427 26.74764 26.85222 26.94565 27.01788 27.05865 27.06164 27.02639 26.95979 26.8723 26.77606 26.67861 26.5854 26.49821 26.41629 26.3378 26.26209 26.1902 26.12428 26.06237 26.00738 25.96098 25.92398 25.89741 25.88187 25.87812 25.88656 25.90722 25.93996 25.98375 26.03736 26.09698 26.15714 26.21246 26.25509 26.2782 26.28212 26.26808 26.24224 26.21224 26.18452 26.16396 26.14985 26.14469 26.14615 26.15284 26.16409 26.17982 26.19834 26.22044 26.24556 26.27234 26.29827 26.3205 26.33523 26.33949 26.33121 26.30761 26.26644 26.21096 26.14146 26.05691 25.96355 25.85953 25.75261 25.64195 25.52992
26.51895 26.60207 26.68346 26.75496 26.80972 26.84101 26.84454 26.8213 26.7761 26.71624 26.65031 26.58175 26.51462 26.44809 26.38108 26.31176 26.24079 26.16857 26.1004 26.03463 25.9755 25.92443 25.8829 25.85184 25.83185 25.82309 25.82609 25.84031 25.86541 25.90028 25.94305 25.99089 26.0394 26.08377 26.11942 26.14224 26.15024 26.14764 26.13773 26.12597 26.11672 26.11371 26.11413 26.12077 26.13045 26.14163 26.15467 26.16842 26.18373 26.20179 26.22286 26.24621 26.26981 26.29137 26.30699 26.31402 26.30927 26.28993 26.25322 26.20213 26.135 26.05138 25.9584 25.85265 25.7431 25.62851 25.51257
26.40098 26.4657 26.52863 26.5834 26.62579 26.65114 26.65747 26.64629 26.62041 26.58562 26.54751 26.50658 26.46403 26.41692 26.36309 26.30036 26.23037 26.15521 26.08216 26.01048 25.94514 25.88827 25.84139 25.80517 25.78018 25.76626 25.76369 25.77161 25.78938 25.81594 25.8493 25.88736 25.92658 25.96283 25.99406 26.01701 26.03199 26.03916 26.04432 26.05006 26.05911 26.07378 26.08996 26.10935 26.12795 26.14432 26.15779 26.16985 26.18212 26.19724 26.21628 26.23961 26.26546 26.29095 26.31244 26.32645 26.32832 26.31516 26.28201 26.23233 26.16459 26.07748 25.9791 25.86629 25.74945 25.62856 25.50561
26.28813 26.33818 26.387 26.42964 26.46385 26.48676 26.4978 26.49796 26.49041 26.47904 26.46709 26.45276 26.43365 26.40474 26.3614 26.30209 26.22913 26.14734 26.06597 25.98593 25.91279 25.8489 25.79593 25.75422 25.72391 25.70512 25.69723 25.69935 25.71078 25.72999 25.75574 25.7861 25.81833 25.84986 25.87843 25.9031 25.92434 25.94214 25.96176 25.98431 26.01188 26.04473 26.07761 26.11087 26.13891 26.15978 26.17331 26.18275 26.19154 26.2041 26.22319 26.24977 26.28199 26.31695 26.35048 26.37632 26.38874 26.38357 26.35479 26.30444 26.23105 26.13531 26.02567 25.90127 25.77293 25.64065 25.50649
26.18824 26.22651 26.2646 26.29857 26.32739 26.35004 26.36639 26.37788 26.3877 26.39776 26.41062 26.42161 26.42518 26.41301 26.37779 26.31823 26.23849 26.14667 26.05444 25.96412 25.88211 25.81076 25.75124 25.70407 25.66864 25.64499 25.63216 25.62901 25.63485 25.64806 25.66784 25.69213 25.71941 25.7477 25.77564 25.80305 25.83076 25.86014 25.89197 25.93084 25.97661 26.02841 26.07936 26.12768 26.16619 26.19071 26.20303 26.20822 26.21261 26.22303 26.24404 26.27697 26.32034 26.37033 26.42191 26.46607 26.49472 26.50049 26.47561 26.42155 26.33803 26.2275 26.1005 25.95809 25.81224 25.66404 25.51593
26.09834 26.12728 26.15717 26.18485 26.21037 26.23375 26.25548 26.27756 26.30218 26.33169 26.36691 26.40123 26.42595 26.42836 26.39918 26.33657 26.24764 26.1444 26.03955 25.93848 25.84745 25.76888 25.70321 25.65095 25.61111 25.58299 25.56581 25.55838 25.55942 25.5679 25.58298 25.60299 25.62723 25.65401 25.68208 25.71278 25.74685 25.78588 25.83161 25.88478 25.94796 26.01895 26.08878 26.15365 26.20231 26.23041 26.24011 26.2396 26.239 26.24796 26.27234 26.31498 26.37485 26.44722 26.52367 26.59351 26.644 26.66365 26.64318 26.58191 26.48269 26.35081 26.19941 26.03348 25.86505 25.69617 25.53075
26.01798 26.03949 26.06281 26.08562 26.10876 26.13278 26.15887 26.1892 26.22625 26.2712 26.32413 26.37721 26.41879 26.43277 26.40763 26.34131 26.24371 26.12977 26.01439 25.90414 25.80558 25.72095 25.65053 25.59391 25.5504 25.51858 25.49805 25.48703 25.48447 25.4893 25.50089 25.51804 25.54024 25.56628 25.59594 25.62951 25.66937 25.71684 25.77363 25.84045 25.91969 26.00846 26.09651 26.17726 26.23641 26.26774 26.27436 26.26788 26.2627 26.27137 26.30199 26.35885 26.44044 26.54068 26.6496 26.75244 26.83123 26.86866 26.85205 26.78046 26.65937 26.49901 26.31639 26.12107 25.92488 25.73245 25.54755
25.94673 25.96193 25.97982 25.99821 26.01885 26.04271 26.07117 26.10671 26.15139 26.20598 26.26991 26.33434 26.38578 26.407 26.38396 26.31574 26.21348 26.09347 25.97206 25.85644 25.7534 25.66502 25.59158 25.53227 25.48595 25.45164 25.42855 25.4149 25.40966 25.41181 25.42101 25.43621 25.45722 25.48314 25.51444 25.55054 25.59517 25.64936 25.71515 25.79379 25.88412 25.98695 26.0901 26.18349 26.25161 26.28619 26.29108 26.28133 26.2745 26.28591 26.32626 26.40059 26.50786 26.64143 26.78906 26.93138 27.04392 27.1024 27.08953 27.00376 26.85502 26.65992 26.44176 26.21116 25.98483 25.7672 25.56159
25.87858 25.88796 25.9009 25.91496 25.93255 25.95472 25.98327 26.02034 26.06769 26.12571 26.19291 26.25946 26.31237 26.33448 26.31305 26.24634 26.1451 26.02563 25.90405 25.78797 25.68417 25.59485 25.52037 25.45995 25.41213 25.37652 25.35223 25.33686 25.3299 25.33027 25.33804 25.35256 25.37251 25.39861 25.43108 25.46972 25.51804 25.57679 25.64808 25.73335 25.83127 25.94278 26.05412 26.15502 26.22888 26.26692 26.27353 26.26568 26.26243 26.28173 26.3353 26.43027 26.56524 26.73456 26.92381 27.10917 27.25857 27.33944 27.32949 27.22676 27.04654 26.81414 26.55645 26.29055 26.03374 25.79104 25.56552
25.82434 25.82886 25.83627 25.84489 25.85808 25.87652 25.90205 25.93654 25.98083 26.03526 26.09747 26.15768 26.20444 26.22256 26.20096 26.13877 26.04461 25.93268 25.81774 25.70672 25.60649 25.51956 25.44644 25.38678 25.3391 25.30326 25.27859 25.26224 25.25431 25.25391 25.26069 25.27456 25.29412 25.32035 25.35345 25.39474 25.44324 25.50402 25.57727 25.6646 25.76515 25.87583 25.98701 26.08789 26.16301 26.20456 26.21729 26.21779 26.22465 26.25682 26.32686 26.44206 26.6035 26.80573 27.03328 27.25779 27.44095 27.54204 27.53391 27.41439 27.20477 26.93731 26.64444 26.34755 26.06412 25.80004 25.55706
25.77855 25.77767 25.77927 25.7823 25.78911 25.80191 25.82179 25.85002 25.88728 25.93292 25.98449 26.03277 26.06851 26.07924 26.05696 26.00064 25.91687 25.81659 25.71259 25.61047 25.51702 25.43497 25.36554 25.30795 25.26166 25.22682 25.20234 25.18606 25.17809 25.17747 25.18432 25.19766 25.21709 25.24333 25.27651 25.31819 25.36645 25.42669 25.49896 25.58383 25.68032 25.78635 25.88911 25.98394 26.05668 26.10172 26.12431 26.13757 26.15932 26.20711 26.29341 26.42672 26.60905 26.83548 27.09017 27.34232 27.54901 27.66413 27.65678 27.52508 27.29438 27.00194 26.68463 26.36564 26.06384 25.78439 25.52944
25.73841 25.73223 25.72774 25.7236 25.72322 25.72834 25.7401 25.75945 25.78682 25.82079 25.85904 25.8932 25.91594 25.91832 25.89464 25.84402 25.77104 25.68368 25.59249 25.50112 25.41621 25.34066 25.27582 25.22188 25.1781 25.14502 25.12226 25.10685 25.09934 25.09919 25.10638 25.11988 25.13968 25.16543 25.19824 25.23862 25.28513 25.34318 25.41159 25.49095 25.57957 25.6751 25.7678 25.85358 25.92209 25.9702 26.00298 26.03074 26.06833 26.13123 26.23093 26.37667 26.57025 26.80795 27.07306 27.33488 27.54913 27.66847 27.6613 27.52579 27.28807 26.98705 26.66077 26.3333 26.02398 25.73803 25.47667
25.7099 25.69729 25.68534 25.67302 25.66387 25.65994 25.66208 25.67121 25.68696 25.70813 25.73205 25.75196 25.76197 25.7563 25.73078 25.68473 25.62122 25.54587 25.46687 25.38642 25.31062 25.24239 25.18305 25.13317 25.09296 25.06208 25.04138 25.02768 25.02161 25.02265 25.03078 25.04501 25.06512 25.09075 25.12284 25.16162 25.20746 25.25996 25.32302 25.39483 25.47367 25.55767 25.63841 25.71432 25.77836 25.82937 25.87029 25.91084 25.96215 26.03669 26.14445 26.2945 26.4881 26.721 26.97726 27.22762 27.43087 27.54342 27.53583 27.40588 27.17742 26.8864 26.56881 26.24828 25.94328 25.66016 25.40082
25.68843 25.66989 25.64931 25.62742 25.60853 25.59445 25.58584 25.58405 25.58821 25.59648 25.60732 25.61386 25.61258 25.59973 25.57204 25.52912 25.47295 25.40738 25.33895 25.26828 25.20096 25.13979 25.08599 25.0406 25.0041 24.97619 24.95831 24.94755 24.94372 24.94656 24.95607 24.97159 24.99243 25.0181 25.04963 25.0863 25.12901 25.17694 25.23376 25.29725 25.36602 25.43915 25.5084 25.57538 25.63471 25.68697 25.73404 25.78363 25.84386 25.92482 26.03482 26.18085 26.36383 26.5781 26.80966 27.03201 27.2102 27.3073 27.29856 27.18103 26.97435 26.7078 26.4136 26.11257 25.82321 25.5512 25.29967
25.66809 25.64253 25.61351 25.58136 25.55212 25.52746 25.50802 25.49553 25.48829 25.48499 25.48388 25.47899 25.46836 25.4491 25.41903 25.37792 25.32684 25.26861 25.20854 25.14588 25.08623 25.0312 24.98253 24.94158 24.90881 24.88454 24.87001 24.86263 24.86234 24.86788 24.88007 24.89776 24.92005 24.94655 24.97721 25.01204 25.05122 25.09602 25.14473 25.2001 25.25933 25.32242 25.38207 25.44121 25.49657 25.54787 25.59805 25.65244 25.71693 25.7993 25.90538 26.04072 26.20486 26.39199 26.58932 26.77484 26.92052 26.99781 26.9867 26.88444 26.70511 26.47119 26.20929 25.93631 25.66979 25.41586 25.1779
25.65251 25.62051 25.58247 25.5406 25.50085 25.46554 25.43621 25.41349 25.39611 25.38228 25.37056 25.35621 25.33759 25.31279 25.28021 25.23968 25.19185 25.13856 25.08454 25.02785 24.97411 24.92387 24.87964 24.84273 24.81369 24.79336 24.78275 24.7792 24.78301 24.79361 24.80879 24.82977 24.8544 24.88203 24.91239 24.94526 24.98111 25.02102 25.06313 25.11071 25.16144 25.21546 25.26632 25.31878 25.36926 25.41847 25.46899 25.52419 25.58835 25.66694 25.76425 25.88437 26.02482 26.18052 26.34054 26.48699 26.59904 26.65534 26.641 26.55328 26.4013 26.20131 25.97427 25.73273 25.49307 25.2605 25.03889
25.63245 25.59412 25.54807 25.49728 25.4484 25.4039 25.36567 25.33395 25.30754 25.28474 25.26435 25.24183 25.2168 25.18718 25.15199 25.11105 25.06484 25.0146 24.96423 24.91245 24.8618 24.81514 24.7743 24.74071 24.71517 24.69904 24.69256 24.69397 24.70377 24.71964 24.74082 24.76624 24.79462 24.82479 24.85517 24.88652 24.91895 24.95379 24.9911 25.02963 25.07224 25.11807 25.16121 25.20709 25.2526 25.2984 25.34662 25.39947 25.45968 25.53112 25.6166 25.71862 25.83451 25.95904 26.08329 26.19346 26.27475 26.31164 26.29326 26.21728 26.08943 25.91998 25.72581 25.5151 25.30215 25.09196 24.88896
25.6027 25.55827 25.5062 25.44862 25.39235 25.34103 25.29583 25.25643 25.22297 25.19223 25.16488 25.13573 25.1052 25.07135 25.03348 24.99147 24.94546 24.89646 24.84784 24.79826 24.74962 24.70498 24.66624 24.635 24.61246 24.60028 24.59898 24.60642 24.62337 24.64703 24.67636 24.70863 24.74279 24.77668 24.80829 24.83859 24.86756 24.89709 24.92777 24.95911 24.99387 25.03161 25.06824 25.10683 25.14672 25.18789 25.23168 25.28003 25.33387 25.39603 25.46856 25.55207 25.64395 25.73986 25.83253 25.91167 25.96647 25.98656 25.96378 25.8964 25.78825 25.64363 25.47794 25.2941 25.10645 24.91754 24.73217
25.55844 25.51083 25.45434 25.39275 25.33187 25.27589 25.22525 25.18063 25.14092 25.10438 25.07101 25.03683 25.00159 24.96405 24.9234 24.87973 24.83289 24.78355 24.73566 24.6857 24.63732 24.59274 24.55457 24.52447 24.50447 24.4958 24.50004 24.51514 24.54138 24.57554 24.61578 24.65908 24.70144 24.74079 24.77536 24.80461 24.82989 24.85332 24.87664 24.90005 24.92666 24.95649 24.98572 25.01753 25.05135 25.08687 25.12507 25.16722 25.21319 25.26519 25.32391 25.39 25.46031 25.53136 25.59739 25.65117 25.68399 25.69018 25.663 25.60135 25.50745 25.38242 25.23954 25.07858 24.91251 24.74328 24.57419
25.50204 25.45219 25.39425 25.32974 25.26713 25.20848 25.15447 25.10609 25.06215 25.02107 24.98303 24.94449 24.90534 24.86435 24.82108 24.77526 24.72657 24.67624 24.62704 24.5749 24.52455 24.47837 24.43857 24.40789 24.38894 24.38349 24.39398 24.4186 24.45632 24.50448 24.55971 24.61752 24.67221 24.72044 24.75915 24.78781 24.80849 24.82459 24.83943 24.85529 24.87135 24.89281 24.91437 24.939 24.96622 24.9954 25.02721 25.06196 25.09964 25.14149 25.18703 25.23688 25.28826 25.33851 25.38343 25.41585 25.4313 25.42614 25.39469 25.3367 25.25284 25.14235 25.01675 24.8746 24.72665 24.57365 24.41856
25.43667 25.38498 25.3274 25.26255 25.19916 25.13944 25.08362 25.03297 24.98571 24.94128 24.89988 24.85784 24.81546 24.77149 24.72549 24.6772 24.62637 24.57295 24.52101 24.4654 24.41101 24.36075 24.31697 24.28369 24.26352 24.26053 24.27729 24.31278 24.3653 24.43174 24.50707 24.58477 24.65738 24.71746 24.76212 24.79012 24.80476 24.81152 24.81569 24.82096 24.82723 24.83962 24.85312 24.87089 24.89062 24.91306 24.93799 24.96525 24.99452 25.02616 25.05964 25.09524 25.13072 25.16356 25.19101 25.20682 25.20845 25.19404 25.15872 25.10222 25.025 24.92542 24.81312 24.68473 24.55124 24.41171 24.2682
25.36905 25.31521 25.25703 25.19409 25.13063 25.07079 25.01303 24.96116 24.91169 24.86478 24.82107 24.77643 24.73124 24.68472 24.63612 24.58529 24.5314 24.47534 24.41821 24.35724 24.29682 24.23968 24.18889 24.14955 24.12576 24.12319 24.14577 24.19335 24.26405 24.3536 24.45493 24.55892 24.65435 24.73135 24.78348 24.81054 24.81707 24.81228 24.80383 24.79689 24.79388 24.79545 24.80066 24.81095 24.82368 24.83939 24.85734 24.87719 24.89806 24.92036 24.943 24.96638 24.98848 25.00752 25.02042 25.0231 25.01371 24.99156 24.9525 24.89651 24.82406 24.73168 24.62906 24.51117 24.38852 24.25837 24.12412
25.30491 25.24726 25.18783 25.12512 25.06323 25.00221 24.94547 24.89216 24.84057 24.79194 24.7464 24.69964 24.65245 24.60369 24.55246 24.49911 24.4417 24.38189 24.31904 24.25144 24.18277 24.11554 24.05456 24.00465 23.97332 23.96798 23.99517 24.05517 24.14698 24.26444 24.39759 24.53383 24.65754 24.75483 24.81625 24.84144 24.83864 24.82055 24.79847 24.7791 24.76546 24.75789 24.75515 24.75829 24.76442 24.77356 24.7849 24.79841 24.81091 24.82467 24.83778 24.85095 24.86217 24.86929 24.87065 24.86267 24.84442 24.81647 24.77341 24.7175 24.64775 24.55925 24.46352 24.35306 24.23862 24.11676 23.98928
25.23827 25.17634 25.11341 25.04984 24.98772 24.92747 24.8694 24.81532 24.76385 24.71428 24.66723 24.61908 24.57049 24.52006 24.46736 24.41103 24.35146 24.28709 24.21871 24.14356 24.06502 23.98554 23.91028 23.84591 23.80196 23.7894 23.81787 23.89034 24.00564 24.15483 24.3247 24.49716 24.65221 24.77134 24.84272 24.86653 24.85484 24.82475 24.79019 24.75977 24.73652 24.72086 24.71091 24.70752 24.70817 24.71061 24.71586 24.7227 24.72831 24.73389 24.73937 24.74368 24.7452 24.74269 24.73478 24.71832 24.69281 24.65986 24.61327 24.55663 24.48829 24.4035 24.3119 24.20724 24.09835 23.98206 23.85947
25.18345 25.1162 25.05131 24.98489 24.92163 24.86124 24.80234 24.74776 24.69571 24.64537 24.59785 24.54938 24.49965 24.44806 24.39329 24.33516 24.2731 24.20403 24.13 24.04666 23.95675 23.86306 23.76961 23.68582 23.62328 23.59743 23.62252 23.70515 23.84388 24.02604 24.23284 24.4401 24.62351 24.76167 24.8423 24.86738 24.85138 24.815 24.77365 24.73672 24.70749 24.68633 24.67125 24.66296 24.65855 24.65588 24.65635 24.65686 24.65664 24.65577 24.65409 24.65092 24.64498 24.63461 24.61908 24.59573 24.56395 24.52718 24.47684 24.4192 24.35131 24.26732 24.17867 24.07736 23.97226 23.85962 23.74012
25.13815 25.0644 24.9951 24.92703 24.8606 24.79976 24.74158 24.68533 24.63286 24.58187 24.53438 24.48549 24.43556 24.38308 24.32717 24.26828 24.20345 24.13057 24.05133 23.96028 23.85978 23.75056 23.63813 23.53178 23.4462 23.40193 23.41861 23.50804 23.66775 23.88013 24.11852 24.35304 24.55635 24.70745 24.79642 24.82747 24.81621 24.7823 24.74247 24.7057 24.67546 24.65252 24.63497 24.62362 24.61582 24.60989 24.60536 24.60152 24.59624 24.58983 24.58192 24.57299 24.56051 24.54398 24.52256 24.49324 24.45722 24.41645 24.36352 24.30448 24.23583 24.1521 24.06607 23.96705 23.86398 23.75321 23.63556
